0 0 0 0 0 0 0 0 0
1 3 1 0 0 0 0 0 2
2 0 0 2 3 1 0 0 0
3 0 0 2 3 1 0 0 0
4 0 0 2 3 1 0 0 0
5 0 0 2 3 0 0 0 0
6 0 0 2 3 3 0 0 0
7 0 0 3 3 3 0 0 0
8 0 0 2 4 0 0 0 0
9 0 0 0 4 2 0 0 0
10 0 0 0 4 1 0 0 0
11 0 0 0 4 1 0 0 0
12 0 0 1 4 3 0 0 0
13 0 0 0 4 3 0 0 0
14 0 0 1 4 3 0 0 0
15 0 0 2 4 3 0 0 0
16 0 0 3 4 3 0 0 0
17 0 0 3 4 3 1 0 0
18 0 0 2 4 3 1 0 0
19 0 0 1 4 3 0 0 0
20 0 0 0 0 4 3 0 0
21 0 0 0 3 4 3 0 0
22 0 0 0 3 4 1 0 0
23 0 0 0 0 4 3 0 0
24 0 0 0 0 2 4 0 0
25 0 0 0 0 4 1 0 0
26 0 0 0 0 3 4 2 0
27 0 0 0 0 2 4 3 0
28 0 0 0 0 0 4 3 0
29 0 0 0 0 0 4 3 0
30 0 0 0 0 2 4 0 0
31 0 0 0 0 1 4 0 0
32 0 0 0 0 4 0 0 0
33 0 0 0 3 3 3 3 1
34 0 0 0 0 3 3 3 3
35 0 0 0 0 3 3 3 2
36 0 0 0 0 1 3 3 3
37 0 0 0 0 2 3 3 3
38 0 0 0 0 3 3 3 3
39 0 0 0 0 0 0 4 0
40 0 0 0 0 0 1 4 0
41 0 0 0 0 0 0 4 2
42 0 0 0 0 0 0 3 4
43 3 0 0 0 0 0 2 4
44 3 1 0 0 0 0 3 4
45 3 1 0 0 0 2 3 4
46 3 1 0 0 0 2 3 4
47 3 1 0 0 0 3 3 4
48 3 0 0 0 0 2 3 4
49 3 0 0 0 0 0 3 4
50 3 0 0 0 0 0 2 4
51 3 4 0 0 0 0 0 0
52 4 2 0 0 0 0 0 0
53 4 3 0 0 0 0 0 0
54 0 0 0 0 0 0 3 4
55 0 0 0 0 0 4 3 0
56 0 0 0 0 0 0 4 2
57 0 0 0 0 0 0 4 0
58 3 0 0 0 1 3 3 3
59 2 0 0 0 0 3 3 3
60 3 3 0 0 0 0 2 3
61 1 0 0 0 0 0 0 4
62 0 0 0 0 0 0 0 4
63 2 0 0 0 0 0 0 4
64 0 0 0 0 0 0 0 4
65 1 0 0 0 0 0 0 4
66 4 0 0 0 0 0 0 0
67 4 0 0 0 0 0 0 0
68 3 3 3 0 0 0 0 3
69 3 3 3 1 0 0 0 2
70 3 3 3 0 0 0 0 2
71 0 4 0 0 0 0 0 0
72 0 4 2 0 0 0 0 0
73 2 4 1 0 0 0 0 0
74 0 4 3 0 0 0 0 0
75 0 2 4 0 0 0 0 0
76 0 1 4 0 0 0 0 0
77 3 3 3 3 0 0 0 0
78 0 4 0 0 0 0 0 0
79 0 0 4 0 0 0 0 0
80 3 3 3 3 0 0 0 0
81 3 3 3 2 0 0 0 1
82 3 3 3 3 0 0 0 1
83 0 4 3 0 0 0 0 0
84 0 2 4 0 0 0 0 0
85 0 1 4 0 0 0 0 0
86 0 3 4 0 0 0 0 0
87 2 3 4 3 0 0 0 0
88 3 4 3 0 0 0 0 0
89 3 4 3 0 0 0 0 0
90 0 3 4 3 0 0 0 0
91 1 4 3 1 0 0 0 0
92 0 4 3 0 0 0 0 0
93 0 4 2 0 0 0 0 0
94 0 4 1 0 0 0 0 0
95 0 1 4 0 0 0 0 0
96 0 4 1 0 0 0 0 0
97 0 4 0 0 0 0 0 0
98 0 4 0 0 0 0 0 0
99 0 4 2 0 0 0 0 0
100 1 4 3 0 0 0 0 0
101 1 4 3 0 0 0 0 0
102 1 4 3 0 0 0 0 0
103 1 4 2 0 0 0 0 0
104 0 4 1 0 0 0 0 0
105 0 4 0 0 0 0 0 0
106 3 3 3 3 0 0 0 0
107 0 0 4 0 0 0 0 0
108 0 0 4 1 0 0 0 0
109 3 3 3 3 0 0 0 0
110 0 0 4 0 0 0 0 0
111 0 1 4 0 0 0 0 0
112 0 0 4 0 0 0 0 0
113 0 0 1 4 0 0 0 0
114 0 0 2 4 0 0 0 0
115 0 0 0 4 2 0 0 0
116 0 0 0 4 2 0 0 0
117 0 0 0 4 1 0 0 0
118 0 0 0 4 1 0 0 0
119 0 0 0 4 0 0 0 0
120 0 1 3 3 3 3 0 0
121 0 1 3 3 3 3 0 0
122 0 0 0 4 0 0 0 0
123 0 0 0 4 1 0 0 0
124 0 0 0 4 2 0 0 0
125 0 0 3 4 1 0 0 0
126 0 0 3 4 2 0 0 0
127 3 4 2 0 0 0 0 1
128 3 4 2 0 0 0 0 0
129 3 4 3 0 0 0 0 0
130 3 4 3 0 0 0 0 0
131 3 4 3 0 0 0 0 1
132 3 4 3 0 0 0 0 0
133 3 4 3 0 0 0 0 0
134 4 3 0 0 0 0 1 3
135 4 2 0 0 0 0 0 3
136 4 1 0 0 0 0 0 3
137 4 1 0 0 0 0 0 3
138 3 0 0 0 0 0 1 4
139 4 2 0 0 0 0 0 3
140 3 0 0 0 0 0 2 4
141 3 0 0 0 0 0 1 4
142 3 0 0 0 0 0 0 4
143 2 0 0 0 0 0 1 4
144 3 0 0 0 0 0 1 4
145 3 0 0 0 0 0 2 4
146 3 2 0 0 0 0 3 4
147 3 2 0 0 0 0 3 4
148 3 2 0 0 0 0 3 4
149 3 1 0 0 0 0 3 4
150 3 1 0 0 0 0 3 4
151 4 2 0 0 0 0 1 3
152 3 0 0 0 0 0 1 4
153 3 4 1 0 0 0 0 0
154 4 3 0 0 0 0 1 3
155 4 3 0 0 0 0 0 3
156 4 2 0 0 0 0 0 3
157 3 0 0 0 0 0 1 4
158 2 0 0 0 0 0 0 4
159 3 0 0 0 0 0 0 4
160 3 0 0 0 0 0 1 4
161 4 2 0 0 0 0 0 3
162 4 3 0 0 0 0 0 1
163 4 3 0 0 0 0 0 1
164 4 3 0 0 0 0 0 2
165 4 3 0 0 0 0 0 3
166 4 3 0 0 0 0 0 0
167 4 1 0 0 0 0 0 0
168 0 4 0 0 0 0 0 0
169 3 4 3 0 0 0 0 0
170 3 4 3 1 0 0 0 0
171 3 4 3 1 0 0 0 0
172 3 4 3 0 0 0 0 0
173 2 4 3 0 0 0 0 0
174 3 4 3 1 0 0 0 0
175 3 4 3 0 0 0 0 1
176 2 4 3 0 0 0 0 0
177 0 3 4 1 0 0 0 0
178 0 0 4 3 0 0 0 0
