0 0 0 0 0 0 0 0 0
1 0 0 0 0 0 0 0 0
2 0 0 0 0 0 0 0 0
3 0 0 0 0 0 0 0 0
4 3 0 0 0 0 0 0 2
5 3 0 0 0 0 0 0 2
6 3 0 0 0 0 0 0 3
7 3 3 1 0 0 0 3 3
8 4 1 0 0 0 0 0 3
9 4 3 0 0 0 0 1 3
10 3 2 0 0 0 0 3 4
11 4 3 0 0 0 0 3 3
12 4 3 0 0 0 0 0 3
13 4 2 0 0 0 0 1 3
14 4 3 0 0 0 0 0 3
15 4 3 0 0 0 0 1 3
16 4 3 0 0 0 0 1 3
17 4 3 0 0 0 0 0 2
18 3 4 1 0 0 0 0 0
19 3 4 1 0 0 0 0 0
20 4 3 1 0 0 0 0 3
21 3 0 0 0 0 0 2 4
22 3 0 0 0 0 0 0 4
23 2 0 0 0 0 0 0 4
24 4 1 0 0 0 0 0 0
25 3 0 0 0 0 0 2 4
26 2 0 0 0 0 0 3 4
27 3 0 0 0 0 0 1 4
28 3 0 0 0 0 0 0 4
29 2 0 0 0 0 0 0 4
30 0 0 0 0 0 0 1 4
31 0 0 0 0 0 0 4 0
32 2 0 0 0 0 3 3 3
33 3 0 0 0 0 2 3 3
34 3 0 0 0 0 2 3 3
35 3 0 0 0 1 3 3 3
36 0 0 0 0 0 0 4 1
37 0 0 0 0 0 1 4 0
38 0 0 0 0 0 2 4 0
39 0 0 0 0 0 1 4 3
40 3 0 0 0 0 0 2 4
41 3 0 0 0 0 2 3 4
42 3 0 0 0 0 3 3 4
43 3 1 0 0 0 3 3 4
44 3 3 0 0 0 1 3 4
45 3 3 0 0 0 0 3 4
46 3 2 0 0 0 0 3 4
47 3 0 0 0 0 0 3 4
48 3 0 0 0 0 0 2 4
49 4 0 0 0 0 0 0 3
50 1 0 0 0 0 0 0 4
51 2 4 0 0 0 0 0 0
52 4 0 0 0 0 0 0 3
53 1 0 0 0 0 0 1 4
54 4 0 0 0 0 0 0 0
55 3 1 0 0 0 2 3 3
56 3 3 0 0 0 0 1 3
57 1 0 0 0 0 0 0 4
58 1 0 0 0 0 0 0 4
59 1 0 0 0 0 0 0 4
60 3 0 0 0 0 0 0 4
61 1 0 0 0 0 0 0 4
62 4 0 0 0 0 0 0 2
63 4 0 0 0 0 0 0 0
64 0 0 0 0 0 0 0 4
65 3 3 0 0 0 0 3 3
66 3 3 0 0 0 0 3 3
67 3 3 0 0 0 0 3 3
68 4 0 0 0 0 0 0 1
69 4 3 0 0 0 0 0 0
70 0 4 3 0 0 0 0 0
71 0 3 4 0 0 0 0 0
72 0 1 4 0 0 0 0 0
73 1 3 3 3 3 0 0 0
74 0 0 4 0 0 0 0 0
75 1 3 3 3 3 0 0 0
76 3 3 3 3 0 0 0 0
77 2 3 3 3 0 0 0 0
78 3 3 3 3 0 0 0 0
79 0 2 4 0 0 0 0 0
80 0 2 4 0 0 0 0 0
81 0 0 4 0 0 0 0 0
82 0 3 4 0 0 0 0 0
83 0 2 4 0 0 0 0 0
84 1 3 4 3 0 0 0 0
85 0 3 4 2 0 0 0 0
86 1 3 4 2 0 0 0 0
87 0 3 4 3 0 0 0 0
88 0 3 4 0 0 0 0 0
89 0 1 4 0 0 0 0 0
90 0 0 4 0 0 0 0 0
91 0 1 4 0 0 0 0 0
92 0 1 4 0 0 0 0 0
93 0 4 1 0 0 0 0 0
94 1 4 0 0 0 0 0 0
95 0 4 1 0 0 0 0 0
96 0 4 1 0 0 0 0 0
97 1 4 3 0 0 0 0 0
98 2 4 3 0 0 0 0 0
99 1 4 3 0 0 0 0 0
100 1 4 2 0 0 0 0 0
101 0 4 1 0 0 0 0 0
102 0 4 0 0 0 0 0 0
103 1 4 0 0 0 0 0 0
104 1 4 0 0 0 0 0 0
105 0 1 4 0 0 0 0 0
106 0 3 3 3 3 0 0 0
107 0 0 4 0 0 0 0 0
108 0 0 0 4 0 0 0 0
109 0 0 4 0 0 0 0 0
110 0 0 1 4 0 0 0 0
111 0 0 0 4 2 0 0 0
112 0 0 2 4 0 0 0 0
113 0 0 0 4 2 0 0 0
114 0 0 0 4 1 0 0 0
115 0 0 0 4 1 0 0 0
116 0 0 0 4 0 0 0 0
117 0 3 3 3 3 1 0 0
118 0 3 3 3 3 0 0 0
119 0 0 0 4 0 0 0 0
120 0 0 0 4 1 0 0 0
121 0 0 0 4 3 0 0 0
122 0 0 2 4 3 0 0 0
123 0 0 2 4 3 0 0 0
124 0 0 3 4 3 0 0 0
125 0 0 3 4 3 0 0 0
126 0 0 3 4 3 0 0 0
127 0 0 3 4 3 1 0 0
128 0 0 3 4 3 1 0 0
129 0 3 4 3 0 0 0 0
130 0 3 4 3 1 0 0 0
131 1 3 4 2 0 0 0 0
132 0 3 4 2 0 0 0 0
133 0 1 4 3 0 0 0 0
134 0 1 4 3 0 0 0 0
135 0 3 4 0 0 0 0 0
136 1 4 3 0 0 0 0 0
137 2 4 3 0 0 0 0 0
138 2 4 3 0 0 0 0 0
139 0 4 3 0 0 0 0 0
140 3 4 0 0 0 0 0 0
141 4 3 0 0 0 0 0 1
142 4 3 0 0 0 0 0 2
143 4 3 2 0 0 0 0 3
144 4 3 2 0 0 0 1 3
145 4 3 0 0 0 0 2 3
146 3 2 0 0 0 0 3 4
147 3 0 0 0 0 0 3 4
148 4 2 0 0 0 0 0 3
149 4 1 0 0 0 0 0 3
150 3 0 0 0 0 0 0 4
151 4 2 0 0 0 0 0 3
152 3 2 0 0 0 0 3 4
153 3 0 0 0 0 0 3 4
154 3 0 0 0 0 0 1 4
155 3 0 0 0 0 0 0 4
156 4 0 0 0 0 0 0 3
157 4 2 0 0 0 0 0 3
158 3 0 0 0 0 0 1 4
159 4 3 0 0 0 0 0 1
160 3 0 0 0 0 0 1 4
161 3 0 0 0 0 0 2 4
162 3 0 0 0 0 0 3 4
163 3 0 0 0 0 0 0 4
164 2 0 0 0 0 0 1 4
165 2 0 0 0 0 0 0 4
166 3 1 0 0 0 0 3 4
167 4 3 2 0 0 0 0 3
168 4 3 0 0 0 0 2 3
169 4 3 0 0 0 0 1 3
170 4 3 1 0 0 0 0 2
171 3 4 3 0 0 0 0 1
172 2 3 4 3 0 0 0 0
173 3 4 3 0 0 0 0 0
174 3 4 2 0 0 0 0 0
175 3 4 1 0 0 0 0 0
176 3 4 0 0 0 0 0 0
177 3 4 0 0 0 0 0 0
178 4 1 0 0 0 0 0 0
