0 0 0 0 0 0 0 0 0
1 1 1 1 0 0 1 1 1
2 1 1 0 0 1 1 1 1
3 1 1 0 0 1 1 1 1
4 1 1 1 0 1 1 1 2
5 1 1 1 0 1 1 2 3
6 1 1 1 0 1 1 3 3
7 1 1 1 3 3 3 3 1
8 1 1 3 3 3 3 1 1
9 1 1 2 3 3 3 1 1
10 1 1 3 3 3 3 3 1
11 1 1 3 3 3 3 2 1
12 1 1 3 3 3 3 1 1
13 0 1 1 4 1 1 1 0
14 1 1 1 4 1 1 1 0
15 1 1 1 2 4 1 1 1
16 1 1 1 4 2 1 1 1
17 1 1 1 4 2 1 1 1
18 0 1 1 4 1 1 1 0
19 1 2 3 3 3 3 1 1
20 0 1 1 4 2 1 1 0
21 0 1 1 4 3 1 1 0
22 1 1 3 3 3 3 2 1
23 1 1 1 1 3 3 3 3
24 1 2 3 3 3 1 1 1
25 0 1 1 1 4 1 1 1
26 1 1 1 4 1 1 1 0
27 1 1 1 4 1 1 1 0
28 0 1 1 4 1 1 1 0
29 1 1 3 3 3 3 2 1
30 1 1 3 3 3 2 1 1
31 1 1 3 3 3 1 1 1
32 1 1 1 1 2 3 3 1
33 1 1 1 3 3 1 1 0
34 0 1 1 3 3 1 1 1
35 1 1 1 3 3 2 1 1
36 1 1 1 3 3 3 1 1
37 1 1 2 3 3 3 1 1
38 1 1 2 3 3 3 1 1
39 1 1 3 3 3 3 1 1
40 1 1 1 4 1 1 0 0
41 0 1 1 2 4 1 1 1
42 0 1 1 3 4 1 1 1
43 1 1 1 3 4 1 1 1
44 1 1 1 3 4 2 1 1
45 1 1 1 3 4 2 1 1
46 0 1 1 3 4 1 1 1
47 1 1 1 4 2 1 1 0
48 1 3 3 3 3 3 1 1
49 1 2 3 3 3 3 1 1
50 1 1 3 3 3 3 1 1
51 1 1 2 3 3 3 3 1
52 1 1 2 3 3 3 3 1
53 1 1 2 3 3 3 1 1
54 1 1 1 3 3 3 1 1
55 1 1 1 3 3 1 1 1
56 1 1 1 3 3 1 1 1
57 1 1 2 3 3 3 1 1
58 1 1 1 3 3 3 1 1
59 1 1 2 3 3 3 2 1
60 1 1 1 3 3 3 1 1
61 1 1 2 3 3 3 1 1
62 1 1 1 3 3 3 1 1
63 1 1 3 3 3 1 1 0
64 1 1 3 3 2 1 1 0
65 1 1 2 3 3 1 1 0
66 1 1 1 3 3 1 1 1
67 1 1 3 3 3 2 1 1
68 1 1 3 3 3 3 2 1
69 1 1 3 3 3 3 2 1
70 1 1 3 3 3 3 2 1
71 1 1 2 3 3 3 1 1
72 1 1 1 3 3 2 1 1
73 1 1 1 3 3 3 1 1
74 1 1 1 3 3 2 1 1
75 1 1 1 3 3 2 1 1
76 1 1 2 3 3 1 1 0
77 1 1 1 3 3 2 1 1
78 1 1 1 3 3 3 3 1
79 1 1 1 3 3 3 3 1
80 1 1 1 3 3 3 1 1
81 1 1 3 3 3 3 1 1
82 1 1 3 3 3 3 2 1
83 1 1 1 3 4 1 1 1
84 0 1 1 2 4 1 1 1
85 0 1 1 2 4 1 1 1
86 0 1 1 2 4 1 1 1
87 0 1 1 2 4 1 1 1
88 1 1 3 3 3 3 2 1
89 1 1 2 3 3 3 2 1
90 1 1 2 3 3 3 1 1
91 1 1 2 3 3 3 1 1
92 1 1 2 3 3 3 1 1
93 1 1 1 3 3 3 1 1
94 1 1 2 3 3 3 1 1
95 1 1 3 3 3 3 1 1
96 1 1 1 4 1 1 1 0
97 1 1 3 3 3 3 3 1
98 0 1 1 1 4 1 1 0
99 1 3 3 3 3 1 1 1
100 1 1 1 3 3 3 1 1
101 1 1 2 3 3 3 1 1
102 1 1 1 3 3 3 1 1
103 1 1 1 3 3 3 1 1
104 1 1 1 3 3 2 1 1
105 1 1 2 3 3 2 1 1
106 1 1 1 3 3 3 1 1
107 1 1 1 3 3 3 1 1
108 1 1 2 3 3 3 1 1
109 1 1 2 3 3 3 1 1
110 1 1 1 3 3 3 2 1
111 1 2 3 3 3 1 1 1
112 1 1 3 3 3 2 1 1
113 1 1 3 3 3 1 1 1
114 1 1 3 3 3 1 1 0
115 1 1 2 3 3 1 1 1
116 1 1 1 3 3 2 1 1
117 1 1 1 3 3 3 1 1
118 1 1 1 3 3 3 2 1
119 1 1 3 3 3 3 2 1
120 1 1 3 3 3 3 3 1
121 0 1 1 4 1 1 1 0
122 1 1 1 4 1 1 1 0
123 1 1 1 4 2 1 1 0
124 0 1 1 1 4 2 1 1
125 0 1 1 2 4 1 1 1
126 0 1 1 1 4 2 1 1
127 0 1 1 2 4 2 1 1
128 0 1 1 2 4 1 1 1
129 0 1 1 2 4 1 1 1
130 1 1 3 3 3 3 3 1
131 1 1 3 3 3 3 3 1
132 1 1 3 3 3 3 2 1
133 1 2 3 3 3 3 2 1
134 0 0 1 1 4 1 1 1
135 0 1 1 2 4 1 1 0
136 1 2 3 3 3 3 1 1
137 1 2 3 3 3 3 1 1
138 1 2 3 3 3 3 1 1
139 0 1 1 4 1 1 1 0
140 0 1 1 3 4 1 1 0
141 1 1 1 3 4 1 1 1
142 1 1 1 3 4 1 1 1
143 0 1 1 3 4 2 1 1
144 0 1 1 3 4 1 1 1
145 0 1 1 2 4 1 1 1
146 0 1 1 1 4 1 1 0
147 1 1 3 3 3 3 2 1
148 0 1 1 1 4 1 1 0
149 0 1 1 3 4 1 1 1
150 1 1 1 4 1 1 1 0
151 1 1 3 3 3 3 2 1
152 1 1 3 3 3 3 1 1
153 1 1 3 3 3 3 1 1
154 1 1 3 3 3 3 1 1
155 1 1 3 3 3 3 3 1
156 1 2 3 3 3 3 2 1
157 1 1 3 3 3 3 2 1
158 1 1 2 3 3 3 3 1
159 1 3 3 3 3 3 1 1
160 1 1 3 3 3 3 1 1
161 1 1 3 3 3 3 1 1
162 1 1 3 3 3 1 1 1
163 1 1 3 3 3 3 2 1
164 0 1 1 1 4 1 1 1
165 0 1 1 2 4 1 1 1
166 0 1 1 1 4 1 1 1
167 0 1 1 1 4 1 1 1
168 1 1 1 4 1 1 1 0
169 1 1 1 4 2 1 1 0
170 1 1 1 2 4 1 1 1
171 0 1 1 1 4 1 1 1
172 1 2 3 3 3 3 2 1
173 1 1 3 3 3 3 1 1
174 1 1 3 3 3 3 1 1
175 1 1 2 3 3 3 2 1
176 1 1 2 3 3 2 1 1
177 1 1 1 3 3 3 1 1
178 1 1 1 3 3 3 1 1
179 1 1 3 3 3 1 1 1
180 1 1 3 3 3 3 1 1
181 1 2 3 3 3 3 2 1
182 0 1 1 4 2 1 1 0
183 1 1 1 2 4 1 1 1
184 0 1 1 1 4 1 1 1
185 1 2 3 3 3 3 2 1
186 1 1 3 3 3 3 3 1
187 1 2 3 3 3 3 2 1
188 1 1 3 3 3 3 2 1
189 1 2 3 3 3 3 2 1
190 1 2 3 3 3 3 2 1
191 0 1 1 1 4 1 1 1
192 1 0 1 1 3 4 1 1
193 1 1 1 3 4 1 1 1
194 1 1 1 3 4 3 1 1
195 1 1 1 3 4 3 1 1
