0 0 0 0 0 0 0 0 0
1 1 1 1 0 0 1 1 1
2 0 1 1 1 1 1 1 0
3 0 1 1 1 1 1 1 0
4 0 0 1 1 1 1 1 1
5 0 0 0 1 1 1 1 1
6 1 0 0 1 1 3 1 1
7 1 1 0 1 1 1 2 1
8 0 1 1 2 2 1 1 0
9 0 1 1 1 3 1 1 0
10 0 1 1 2 3 1 1 0
11 0 1 1 1 3 1 1 0
12 0 1 1 3 1 1 1 0
13 0 1 1 3 2 1 1 0
14 1 1 1 3 2 1 1 0
15 0 1 1 3 3 1 1 0
16 1 1 1 3 1 1 1 0
17 0 1 1 2 3 1 1 0
18 0 1 1 2 3 1 1 0
19 0 1 1 3 3 1 1 0
20 0 1 1 1 3 1 1 1
21 0 1 1 2 2 1 1 1
22 0 1 1 1 2 1 1 1
23 0 1 1 2 2 1 1 0
24 1 1 0 1 1 1 3 1
25 1 1 0 1 1 2 3 1
26 1 1 0 1 1 2 3 1
27 1 1 0 1 1 1 3 1
28 1 1 0 1 1 1 2 1
29 1 0 1 1 1 1 1 1
30 0 1 1 1 1 1 1 1
31 0 1 1 1 1 1 1 0
32 0 0 1 1 1 1 1 0
33 0 0 1 1 1 1 1 0
34 0 1 1 1 1 1 1 0
35 0 1 1 1 2 1 1 0
36 0 1 1 1 2 1 1 0
37 0 1 1 1 2 1 1 1
38 0 1 1 1 3 1 1 0
39 0 1 1 1 3 1 1 1
40 0 1 1 2 3 1 1 1
41 0 1 1 3 3 1 1 1
42 0 1 1 3 3 1 1 1
43 0 1 1 3 3 1 1 1
44 0 1 1 3 3 1 1 1
45 0 1 1 3 3 1 1 1
46 0 1 1 2 3 1 1 1
47 0 1 1 1 3 1 1 1
48 0 1 1 1 3 1 1 1
49 1 1 1 2 1 1 1 0
50 1 1 1 2 2 1 1 0
51 0 1 1 2 2 1 1 1
52 0 1 1 1 2 1 1 1
53 0 1 1 1 1 1 1 1
54 0 1 1 1 1 1 1 0
55 0 1 1 1 1 1 1 0
56 0 1 1 1 2 1 1 0
57 0 1 1 1 2 1 1 0
58 0 1 1 1 2 1 1 0
59 0 1 1 1 2 1 1 0
60 0 1 1 1 2 1 1 0
61 0 1 1 1 2 1 1 0
62 0 1 1 1 1 1 1 0
63 0 1 1 1 1 1 1 0
64 0 1 1 1 1 1 1 0
65 0 1 1 1 1 1 1 0
66 1 1 1 1 1 1 1 0
67 0 1 1 3 1 1 1 0
68 0 0 1 1 3 1 1 1
69 0 1 1 1 1 1 1 1
70 0 1 1 1 1 1 1 0
71 0 1 1 1 1 1 1 0
72 0 1 1 1 1 1 1 0
73 0 1 1 1 2 1 1 0
74 0 1 1 1 1 1 1 0
75 0 1 1 1 1 1 1 0
76 0 1 1 1 1 1 1 0
77 0 0 1 1 1 1 1 1
78 0 1 1 1 2 1 1 1
79 0 1 1 1 2 1 1 0
80 0 1 1 1 1 1 1 1
81 0 1 1 1 2 1 1 1
82 0 1 1 1 3 1 1 0
83 0 1 1 2 3 1 1 1
84 0 1 1 1 3 1 1 1
85 1 0 1 1 1 3 1 1
86 1 0 0 1 1 3 2 1
87 1 1 1 3 1 1 0 0
88 1 1 1 1 1 1 1 0
89 0 1 1 1 1 1 1 1
90 1 1 0 1 1 1 1 1
91 1 1 0 1 1 1 1 1
92 0 1 1 1 1 1 1 1
93 0 1 1 1 2 1 1 0
94 0 0 1 1 2 1 1 1
95 1 1 1 2 1 1 0 0
96 0 1 1 3 1 1 1 0
97 0 1 1 3 1 1 1 0
98 1 1 1 3 1 1 1 0
99 1 1 2 3 1 1 0 0
100 1 1 1 2 1 1 1 0
101 1 1 1 2 1 1 1 0
102 1 1 2 1 1 1 0 0
103 0 1 1 1 1 1 1 0
104 0 1 1 2 1 1 1 0
105 0 1 1 2 1 1 1 0
106 0 1 1 1 2 1 1 0
107 0 1 1 1 1 1 1 0
108 1 1 1 1 1 1 1 0
109 0 1 1 1 1 1 1 1
110 0 1 1 1 1 1 1 1
111 1 1 1 2 1 1 1 0
112 1 1 1 1 1 1 1 0
113 1 1 1 1 1 1 1 0
114 0 0 1 1 2 1 1 1
115 1 1 1 1 1 1 1 0
116 1 1 1 1 1 1 1 0
117 0 1 1 1 1 1 1 0
118 0 1 1 1 1 1 1 0
119 0 1 1 1 1 1 1 0
120 0 1 1 1 2 1 1 0
121 0 1 1 1 2 1 1 1
122 0 1 1 1 3 1 1 0
123 0 1 1 1 3 1 1 1
124 0 1 1 1 3 1 1 1
125 0 1 1 2 3 1 1 1
126 0 1 1 2 3 1 1 1
127 0 1 1 2 3 1 1 1
128 0 1 1 1 3 2 1 1
129 0 1 1 1 3 2 1 1
130 1 1 2 3 1 1 1 0
131 1 1 2 3 1 1 1 0
132 1 1 1 3 2 1 1 0
133 1 1 1 3 2 1 1 0
134 1 1 1 3 1 1 1 0
135 0 1 1 1 3 1 1 1
136 0 1 1 1 3 1 1 0
137 0 1 1 1 3 1 1 0
138 1 1 1 3 1 1 1 0
139 1 1 3 2 1 1 0 0
140 1 1 1 3 1 1 1 0
141 0 1 1 1 3 1 1 0
142 0 1 1 1 3 1 1 0
143 0 1 1 1 3 1 1 0
144 0 1 1 1 3 1 1 1
145 1 1 1 2 3 1 1 1
146 0 1 1 3 3 1 1 1
147 0 1 1 3 3 1 1 1
148 1 1 1 2 3 1 1 1
149 0 1 1 2 3 1 1 1
150 0 1 1 1 3 1 1 1
151 0 1 1 3 1 1 1 0
152 1 1 1 2 1 1 1 0
153 1 1 1 3 2 1 1 0
154 1 1 1 3 1 1 1 0
155 0 1 1 1 2 1 1 1
156 0 1 1 1 2 1 1 1
157 0 1 1 1 2 1 1 1
158 0 1 1 1 3 1 1 0
159 0 1 1 2 3 1 1 0
160 1 1 1 3 1 1 0 0
161 1 1 1 2 1 1 1 0
162 0 1 1 3 1 1 1 0
163 0 1 1 1 3 1 1 1
164 0 1 1 1 3 1 1 1
165 0 1 1 1 2 1 1 1
166 0 1 1 1 1 1 1 1
167 0 1 1 1 3 1 1 0
168 0 1 1 1 3 1 1 1
169 0 1 1 1 3 1 1 1
170 0 1 1 1 3 1 1 1
171 0 1 1 1 3 1 1 1
172 0 1 1 1 3 1 1 1
173 0 1 1 1 3 1 1 1
174 0 1 1 2 3 1 1 1
175 0 1 1 2 3 1 1 1
176 0 1 1 1 3 1 1 1
177 0 1 1 1 3 1 1 0
178 0 1 1 1 3 1 1 0
179 0 1 1 1 3 1 1 0
180 0 1 1 1 3 1 1 0
