0 0 0 0 0 0 0 0 0
1 1 1 1 1 1 1 1 1
2 1 1 1 1 1 1 1 1
3 1 1 1 1 1 1 1 1
4 1 1 1 1 1 1 1 1
5 1 1 1 1 1 1 1 1
6 1 1 1 1 1 1 1 1
7 1 1 1 1 1 1 1 1
8 1 1 1 1 1 1 1 1
9 1 1 1 1 1 1 1 1
10 2 2 2 2 2 2 2 2
11 2 2 2 2 2 2 2 2
12 2 2 2 2 2 2 2 2
13 2 2 2 2 2 2 2 2
14 2 2 2 2 2 2 2 2
15 2 2 2 2 2 2 2 2
16 2 2 2 2 2 2 2 2
17 2 2 2 2 2 2 2 2
18 2 2 2 2 2 2 2 2
19 2 2 2 2 2 2 2 2
20 2 2 2 2 2 2 2 2
21 2 2 2 2 2 2 2 2
22 2 2 2 2 2 2 2 2
23 2 2 2 2 2 2 2 2
24 1 1 1 1 1 1 1 1
25 2 2 2 2 2 2 2 2
26 2 2 2 2 2 2 2 2
27 2 2 2 2 2 2 2 2
28 2 2 2 2 2 2 2 2
29 2 2 2 2 2 2 2 2
30 1 1 1 1 1 1 1 1
31 1 1 1 1 1 1 1 1
32 1 1 1 1 1 1 1 1
33 1 1 1 1 1 1 1 1
34 1 1 1 1 1 1 1 1
35 1 1 1 1 1 1 1 1
36 1 1 1 1 1 1 1 1
37 1 1 1 1 1 1 1 1
38 1 1 1 1 1 1 1 1
39 1 1 1 1 1 1 1 1
40 2 2 2 2 2 2 2 2
41 2 2 2 2 2 2 2 2
42 2 2 2 2 2 2 2 2
43 2 2 2 2 2 2 2 2
44 2 2 2 2 2 2 2 2
45 2 2 2 2 2 2 2 2
46 2 2 2 2 2 2 2 2
47 2 2 2 2 2 2 2 2
48 2 2 2 2 2 2 2 2
49 2 2 2 2 2 2 2 2
50 2 2 2 2 2 2 2 2
51 2 2 2 2 2 2 2 2
52 2 2 2 2 2 2 2 2
53 2 2 2 2 2 2 2 2
54 2 2 2 2 2 2 2 2
55 2 2 2 2 2 2 2 2
56 1 1 1 1 1 1 1 1
57 1 1 1 1 1 1 1 1
58 1 1 1 1 1 1 1 1
59 1 1 1 1 1 1 1 1
60 1 1 1 1 1 1 1 1
61 1 1 1 1 1 1 1 1
62 1 1 1 1 1 1 1 1
63 2 2 2 2 2 2 2 2
64 1 1 1 1 1 1 1 1
65 1 1 1 1 1 1 1 1
66 1 1 1 1 1 1 1 1
67 1 1 1 1 1 1 1 1
68 1 1 1 1 1 1 1 1
69 1 1 1 1 1 1 1 1
70 1 1 1 1 1 1 1 1
71 1 1 1 1 1 1 1 1
72 1 1 1 1 1 1 1 1
73 2 2 2 2 2 2 2 2
74 2 2 2 2 2 2 2 2
75 1 1 1 1 1 1 1 1
76 1 1 1 1 1 1 1 1
77 1 1 1 1 1 1 1 1
78 1 1 1 1 1 1 1 1
79 2 2 2 2 2 2 2 2
80 2 2 2 2 2 2 2 2
81 2 2 2 2 2 2 2 2
82 2 2 2 2 2 2 2 2
83 1 1 1 1 1 1 1 1
84 2 2 2 2 2 2 2 2
85 2 2 2 2 2 2 2 2
86 2 2 2 2 2 2 2 2
87 2 2 2 2 2 2 2 2
88 2 2 2 2 2 2 2 2
89 2 2 2 2 2 2 2 2
90 3 3 3 3 3 3 3 3
91 2 2 2 2 2 2 2 2
92 2 2 2 2 2 2 2 2
93 2 2 2 2 2 2 2 2
94 2 2 2 2 2 2 2 2
95 2 2 2 2 2 2 2 2
96 2 2 2 2 2 2 2 2
97 2 2 2 2 2 2 2 2
98 2 2 2 2 2 2 2 2
99 2 2 2 2 2 2 2 2
100 2 2 2 2 2 2 2 2
101 1 1 1 1 1 1 1 1
102 2 2 2 2 2 2 2 2
103 2 2 2 2 2 2 2 2
104 2 2 2 2 2 2 2 2
105 2 2 2 2 2 2 2 2
106 2 2 2 2 2 2 2 2
107 2 2 2 2 2 2 2 2
108 1 1 1 1 1 1 1 1
109 1 1 1 1 1 1 1 1
110 1 1 1 1 1 1 1 1
111 1 1 1 1 1 1 1 1
112 1 1 1 1 1 1 1 1
113 1 1 1 1 1 1 1 1
114 1 1 1 1 1 1 1 1
115 1 1 1 1 1 1 1 1
116 1 1 1 1 1 1 1 1
117 2 2 2 2 2 2 2 2
118 2 2 2 2 2 2 2 2
119 2 2 2 2 2 2 2 2
120 1 1 1 1 1 1 1 1
121 1 1 1 1 1 1 1 1
122 1 1 1 1 1 1 1 1
123 1 1 1 1 1 1 1 1
124 1 1 1 1 1 1 1 1
125 1 1 1 1 1 1 1 1
126 1 1 1 1 1 1 1 1
127 1 1 1 1 1 1 1 1
128 2 2 2 2 2 2 2 2
129 2 2 2 2 2 2 2 2
130 2 2 2 2 2 2 2 2
131 2 2 2 2 2 2 2 2
132 2 2 2 2 2 2 2 2
133 2 2 2 2 2 2 2 2
134 2 2 2 2 2 2 2 2
135 2 2 2 2 2 2 2 2
136 2 2 2 2 2 2 2 2
137 2 2 2 2 2 2 2 2
138 2 2 2 2 2 2 2 2
139 2 2 2 2 2 2 2 2
140 2 2 2 2 2 2 2 2
141 2 2 2 2 2 2 2 2
142 2 2 2 2 2 2 2 2
143 2 2 2 2 2 2 2 2
144 2 2 2 2 2 2 2 2
145 2 2 2 2 2 2 2 2
146 2 2 2 2 2 2 2 2
147 2 2 2 2 2 2 2 2
148 2 2 2 2 2 2 2 2
149 2 2 2 2 2 2 2 2
150 2 2 2 2 2 2 2 2
151 2 2 2 2 2 2 2 2
152 2 2 2 2 2 2 2 2
153 2 2 2 2 2 2 2 2
154 2 2 2 2 2 2 2 2
155 2 2 2 2 2 2 2 2
156 2 2 2 2 2 2 2 2
157 2 2 2 2 2 2 2 2
158 2 2 2 2 2 2 2 2
159 2 2 2 2 2 2 2 2
160 2 2 2 2 2 2 2 2
161 2 2 2 2 2 2 2 2
162 2 2 2 2 2 2 2 2
163 2 2 2 2 2 2 2 2
164 2 2 2 2 2 2 2 2
165 2 2 2 2 2 2 2 2
166 2 2 2 2 2 2 2 2
167 2 2 2 2 2 2 2 2
168 2 2 2 2 2 2 2 2
169 2 2 2 2 2 2 2 2
170 2 2 2 2 2 2 2 2
171 2 2 2 2 2 2 2 2
172 2 2 2 2 2 2 2 2
173 2 2 2 2 2 2 2 2
174 2 2 2 2 2 2 2 2
175 2 2 2 2 2 2 2 2
176 2 2 2 2 2 2 2 2
177 2 2 2 2 2 2 2 2
178 2 2 2 2 2 2 2 2
179 2 2 2 2 2 2 2 2
180 2 2 2 2 2 2 2 2
181 2 2 2 2 2 2 2 2
182 2 2 2 2 2 2 2 2
183 2 2 2 2 2 2 2 2
184 2 2 2 2 2 2 2 2
185 2 2 2 2 2 2 2 2
186 1 1 1 1 1 1 1 1
187 1 1 1 1 1 1 1 1
188 1 1 1 1 1 1 1 1
189 1 1 1 1 1 1 1 1
190 1 1 1 1 1 1 1 1
191 2 2 2 2 2 2 2 2
192 2 2 2 2 2 2 2 2
193 2 2 2 2 2 2 2 2
194 2 2 2 2 2 2 2 2
