0 0 0 0 0 0 0 0 0
1 1 1 1 0 0 1 1 1
2 1 1 1 1 1 1 0 0
3 1 1 1 1 1 1 0 0
4 1 1 1 3 2 1 1 0
5 1 1 1 3 3 1 1 1
6 1 1 1 3 3 3 1 1
7 1 1 2 3 3 3 1 1
8 1 1 3 3 3 3 1 1
9 1 1 3 3 3 3 1 1
10 1 2 3 3 3 3 1 1
11 1 2 3 3 3 3 1 1
12 1 1 3 3 3 3 2 1
13 1 2 3 3 3 3 2 1
14 1 2 3 3 3 3 2 1
15 0 1 1 4 1 1 1 0
16 0 1 1 4 1 1 1 0
17 0 1 1 1 4 1 1 0
18 1 1 3 3 3 3 3 1
19 1 1 3 3 3 3 3 1
20 0 1 1 1 4 1 1 0
21 0 1 1 1 4 1 1 0
22 0 1 1 1 4 1 1 0
23 0 1 1 1 4 1 1 0
24 1 1 3 3 3 3 3 1
25 1 3 3 3 3 3 1 1
26 0 1 1 1 4 1 1 0
27 0 1 1 1 4 1 1 0
28 0 1 1 4 1 1 1 0
29 0 1 1 4 1 1 1 0
30 1 1 3 3 3 3 3 1
31 1 1 3 3 3 3 3 1
32 1 1 3 3 3 3 3 1
33 0 1 1 1 4 1 1 0
34 1 2 3 3 3 3 1 1
35 1 1 3 3 3 3 2 1
36 1 2 3 3 3 3 1 1
37 1 1 3 3 3 3 2 1
38 1 2 3 3 3 3 2 1
39 1 1 2 3 3 3 3 2
40 1 1 3 3 3 3 3 1
41 1 1 3 3 3 3 3 1
42 1 1 3 3 3 3 3 1
43 1 1 3 3 3 3 3 1
44 1 1 3 3 3 3 3 1
45 1 1 3 3 3 3 3 1
46 1 1 3 3 3 3 3 1
47 1 1 3 3 3 3 3 1
48 1 1 3 3 3 3 3 1
49 0 1 1 4 1 1 1 0
50 1 3 3 3 3 3 1 1
51 1 1 3 3 3 3 3 1
52 1 1 3 3 3 3 3 1
53 1 1 3 3 3 3 3 1
54 1 1 3 3 3 3 3 1
55 1 1 3 3 3 3 3 1
56 1 1 3 3 3 3 3 1
57 0 1 1 4 1 1 1 0
58 1 1 3 3 3 3 2 1
59 1 1 3 3 3 3 1 1
60 1 1 1 3 3 3 3 1
61 1 1 2 3 3 3 3 1
62 1 1 2 3 3 3 3 1
63 1 1 3 3 3 3 2 1
64 1 2 3 3 3 3 2 1
65 1 2 3 3 3 3 2 1
66 1 3 3 3 3 3 1 1
67 1 3 3 3 3 3 1 1
68 0 1 1 4 1 1 1 0
69 0 1 1 4 1 1 1 0
70 1 1 3 3 3 3 3 1
71 1 1 3 3 3 3 3 1
72 1 1 3 3 3 3 3 1
73 1 1 3 3 3 3 3 1
74 0 1 1 1 4 1 1 0
75 1 1 3 3 3 3 2 1
76 1 1 3 3 3 3 2 1
77 1 1 3 3 3 3 1 1
78 1 1 2 3 3 3 3 1
79 1 1 2 3 3 3 3 1
80 1 1 3 3 3 3 1 1
81 1 1 3 3 3 3 1 1
82 1 1 3 3 3 3 2 1
83 1 1 3 3 3 3 2 1
84 1 1 3 3 3 3 2 1
85 1 1 3 3 3 3 2 1
86 1 2 3 3 3 3 2 1
87 1 2 3 3 3 3 2 1
88 0 1 1 1 4 1 1 0
89 0 1 1 1 4 1 1 0
90 0 1 1 1 4 1 1 0
91 0 1 1 1 4 1 1 0
92 0 1 1 4 1 1 1 0
93 1 1 2 3 3 3 3 1
94 1 1 1 3 3 3 3 1
95 1 2 3 3 3 3 1 1
96 1 1 3 3 3 3 2 1
97 1 2 3 3 3 3 1 1
98 1 2 3 3 3 3 1 1
99 1 2 3 3 3 3 2 1
100 1 2 3 3 3 3 2 1
101 0 1 1 1 4 1 1 0
102 1 1 3 3 3 3 3 1
103 1 1 3 3 3 3 3 1
104 1 1 3 3 3 3 3 1
105 0 1 1 1 4 1 1 0
106 0 1 1 1 4 1 1 0
107 1 1 3 3 3 3 3 1
108 1 2 3 3 3 3 2 1
109 1 1 2 3 3 3 3 1
110 1 1 2 3 3 3 3 1
111 1 1 2 3 3 3 3 2
112 1 1 3 3 3 3 2 1
113 1 1 3 3 3 3 1 1
114 1 2 3 3 3 3 1 1
115 1 2 3 3 3 3 1 1
116 1 3 3 3 3 2 1 1
117 1 1 3 3 3 3 2 1
118 1 1 2 3 3 3 3 2
119 1 1 2 3 3 3 3 2
120 1 1 3 3 3 3 3 1
121 1 1 3 3 3 3 3 1
122 0 1 1 1 4 1 1 0
123 0 1 1 4 1 1 1 0
124 0 1 1 1 4 1 1 0
125 0 1 1 4 1 1 1 0
126 0 1 1 4 1 1 1 0
127 0 1 1 1 4 1 1 0
128 0 1 1 1 4 1 1 0
129 0 1 1 1 4 1 1 0
130 0 1 1 1 4 1 1 0
131 0 1 1 1 4 1 1 0
132 0 1 1 4 1 1 1 0
133 1 3 3 3 3 3 1 1
134 0 1 1 1 4 1 1 0
135 0 1 1 1 4 1 1 0
136 0 1 1 1 4 1 1 0
137 0 1 1 1 4 1 1 0
138 0 1 1 1 4 1 1 0
139 0 1 1 1 4 1 1 0
140 0 1 1 1 4 1 1 0
141 0 1 1 1 4 1 1 0
142 0 1 1 1 4 1 1 0
143 0 1 1 4 1 1 1 0
144 0 1 1 4 1 1 1 0
145 0 1 1 1 4 1 1 0
146 0 1 1 4 1 1 1 0
147 0 1 1 4 1 1 1 0
148 0 1 1 4 1 1 1 0
149 0 1 1 1 4 1 1 0
150 0 1 1 1 4 1 1 0
151 0 1 1 4 1 1 1 0
152 0 1 1 4 1 1 1 0
153 0 1 1 1 4 1 1 0
154 1 1 3 3 3 3 3 1
155 1 1 3 3 3 3 3 1
156 1 1 3 3 3 3 3 1
157 1 1 3 3 3 3 3 1
158 1 1 3 3 3 3 3 1
159 0 1 1 4 1 1 1 0
160 0 1 1 4 1 1 1 0
161 1 2 3 3 3 3 2 1
162 1 2 3 3 3 3 1 1
163 1 1 3 3 3 3 2 1
164 1 2 3 3 3 3 1 1
165 1 2 3 3 3 3 2 1
166 1 2 3 3 3 3 2 1
167 0 1 1 1 4 1 1 0
168 0 1 1 1 4 1 1 0
169 1 1 3 3 3 3 2 1
170 1 1 3 3 3 3 1 1
171 1 1 3 3 3 3 2 1
172 1 1 3 3 3 3 2 1
173 1 1 3 3 3 3 2 1
174 1 1 3 3 3 3 2 1
175 1 2 3 3 3 3 2 1
176 1 2 3 3 3 3 2 1
177 0 1 1 1 4 1 1 0
178 0 1 1 1 4 1 1 0
179 0 1 1 4 1 1 1 0
180 0 1 1 1 4 1 1 0
181 1 1 3 3 3 3 3 1
182 0 1 1 1 4 1 1 0
183 0 1 1 1 4 1 1 0
184 0 1 1 4 1 1 1 0
185 1 2 3 3 3 3 1 1
186 0 1 1 4 1 1 1 0
187 1 2 3 3 3 3 1 1
188 1 1 3 3 3 3 2 1
189 1 2 3 3 3 3 2 1
190 1 2 3 3 3 3 2 1
191 1 1 3 3 3 3 3 1
192 1 1 3 3 3 3 3 1
193 1 1 3 3 3 3 3 1
194 1 1 3 3 3 3 3 1
195 0 1 1 1 4 1 1 0
196 0 1 1 1 4 1 1 0
197 0 1 1 1 4 1 1 0
