0 0 0 0 0 0 0 0 0
1 1 1 1 0 0 1 1 1
2 0 1 1 1 1 1 1 0
3 0 1 1 1 1 1 1 0
4 0 1 1 1 1 1 1 0
5 0 1 1 1 1 1 1 0
6 1 1 1 2 1 1 1 0
7 1 1 1 3 2 1 1 0
8 1 1 3 3 3 3 1 1
9 1 2 3 3 3 2 1 1
10 1 1 3 3 3 2 1 1
11 1 1 3 3 3 2 1 1
12 0 1 1 4 1 1 1 0
13 1 2 3 3 3 3 1 1
14 1 1 3 3 3 3 1 1
15 0 1 1 4 1 1 1 0
16 1 1 1 4 2 1 1 0
17 0 1 1 4 3 1 1 0
18 1 1 1 4 1 1 1 0
19 0 1 1 4 1 1 1 0
20 1 2 3 3 3 3 1 1
21 0 1 1 3 4 1 1 0
22 0 1 1 4 1 1 1 0
23 1 2 3 3 3 3 1 1
24 1 1 2 3 3 3 2 1
25 1 1 3 3 3 2 1 1
26 0 1 1 4 2 1 1 0
27 1 1 1 4 1 1 1 0
28 1 1 1 4 1 1 1 0
29 0 1 1 1 4 1 1 0
30 1 1 3 3 3 3 2 1
31 1 1 2 3 3 3 1 1
32 1 1 1 3 3 3 1 1
33 1 1 3 3 3 1 1 1
34 1 1 2 3 3 1 1 1
35 1 1 1 3 3 1 1 1
36 0 1 1 3 3 1 1 1
37 1 1 1 3 3 1 1 0
38 1 1 1 3 3 1 1 1
39 1 1 3 3 3 1 1 1
40 1 1 2 3 3 3 1 1
41 1 1 2 3 3 3 1 1
42 1 1 3 3 3 3 2 1
43 0 1 1 1 4 1 1 1
44 0 1 1 3 4 1 1 1
45 1 1 1 3 4 2 1 1
46 1 1 1 3 4 2 1 1
47 1 1 1 3 4 2 1 1
48 1 1 1 4 3 1 1 0
49 1 1 1 4 1 1 1 0
50 1 3 3 3 3 3 1 1
51 1 2 3 3 3 3 1 1
52 1 1 3 3 3 3 1 1
53 1 1 3 3 3 3 2 1
54 1 1 2 3 3 3 3 1
55 1 1 2 3 3 3 3 1
56 1 1 3 3 3 3 1 1
57 1 1 3 3 3 1 1 1
58 1 1 2 3 3 1 1 1
59 1 1 1 3 3 1 1 0
60 0 1 1 3 3 1 1 1
61 1 1 1 3 3 3 1 1
62 1 1 1 3 3 2 1 1
63 1 1 2 3 3 3 1 1
64 1 1 1 3 3 3 1 1
65 1 1 3 3 3 2 1 1
66 1 1 3 3 3 1 1 0
67 1 2 3 3 2 1 1 1
68 1 1 3 3 3 1 1 0
69 1 1 1 3 3 1 1 1
70 0 1 1 3 3 2 1 1
71 1 1 1 3 3 3 1 1
72 1 1 2 3 3 3 2 1
73 1 1 3 3 3 3 1 1
74 1 1 3 3 3 3 2 1
75 1 1 1 3 3 3 1 1
76 1 1 1 3 3 3 1 1
77 1 1 1 3 3 2 1 1
78 1 1 1 3 3 3 1 1
79 1 1 1 3 3 2 1 1
80 0 1 1 3 3 2 1 1
81 0 1 1 3 3 2 1 1
82 1 1 2 3 3 2 1 1
83 1 1 3 3 3 3 1 1
84 1 1 3 3 3 3 1 1
85 1 1 2 3 3 3 1 1
86 1 2 3 3 3 3 1 1
87 1 1 1 4 3 1 1 0
88 1 1 1 4 2 1 1 0
89 1 1 1 4 2 1 1 0
90 0 1 1 3 4 1 1 0
91 1 2 3 3 3 3 1 1
92 1 1 2 3 3 3 1 1
93 1 1 3 3 3 2 1 1
94 1 1 1 3 3 3 1 1
95 1 1 3 3 3 2 1 1
96 1 1 1 3 3 3 1 1
97 1 1 3 3 3 1 1 1
98 1 1 3 3 3 1 1 1
99 1 2 3 3 3 1 1 1
100 0 1 1 4 1 1 1 0
101 0 1 1 1 4 1 1 1
102 0 1 1 4 1 1 1 0
103 1 3 3 3 3 1 1 1
104 1 3 3 3 2 1 1 1
105 1 1 1 3 3 3 1 1
106 1 1 1 2 3 3 1 1
107 1 1 1 3 3 3 1 1
108 1 1 1 3 3 3 1 1
109 1 1 1 3 3 1 1 1
110 1 1 1 3 3 3 1 1
111 1 1 1 3 3 3 1 1
112 1 1 1 3 3 3 1 1
113 1 1 3 3 3 2 1 1
114 1 2 3 3 3 1 1 1
115 1 2 3 3 3 1 1 1
116 1 2 3 3 3 1 1 1
117 1 1 2 3 3 3 1 1
118 1 1 1 3 3 3 1 1
119 1 1 1 3 3 2 1 1
120 1 1 1 3 3 2 1 1
121 1 1 1 3 3 2 1 1
122 1 1 1 3 3 3 1 1
123 1 1 3 3 3 2 1 1
124 1 1 3 3 3 3 1 1
125 1 1 3 3 3 3 3 1
126 1 1 1 4 1 1 1 0
127 0 1 1 1 4 1 1 0
128 0 1 1 1 4 1 1 1
129 0 1 1 1 4 1 1 1
130 0 1 1 4 3 1 1 0
131 0 1 1 3 4 1 1 0
132 1 1 1 4 2 1 1 0
133 0 1 1 3 4 1 1 0
134 0 1 1 3 4 1 1 0
135 1 3 3 3 3 3 1 1
136 0 1 1 4 1 1 1 0
137 0 1 1 4 1 1 1 0
138 1 2 3 3 3 3 1 1
139 1 2 3 3 3 3 2 1
140 0 1 1 4 1 1 1 0
141 0 1 1 4 1 1 1 0
142 1 2 3 3 3 3 1 1
143 1 2 3 3 3 3 1 1
144 1 2 3 3 3 3 2 1
145 0 1 1 4 2 1 1 0
146 1 1 1 4 3 1 1 1
147 1 1 2 4 3 1 1 1
148 1 1 2 4 3 1 1 1
149 1 1 2 4 3 1 1 1
150 1 1 1 4 3 1 1 0
151 1 1 1 4 1 1 1 0
152 1 2 3 3 3 3 1 1
153 1 2 3 3 3 3 1 1
154 1 3 3 3 3 3 1 1
155 1 1 1 4 1 1 1 0
156 0 1 1 1 4 1 1 0
157 1 1 3 3 3 3 2 1
158 1 1 3 3 3 3 3 1
159 1 1 3 3 3 3 3 1
160 0 1 1 2 4 1 1 0
161 1 2 3 3 3 3 1 1
162 1 3 3 3 3 3 1 1
163 1 3 3 3 3 3 1 1
164 1 1 1 4 1 1 1 0
165 0 1 1 3 4 1 1 0
166 1 2 3 3 3 3 1 1
167 1 1 2 3 3 3 1 1
168 1 1 3 3 3 3 2 1
169 1 1 1 3 4 1 1 1
170 1 1 1 4 3 1 1 1
171 1 1 1 4 3 1 1 0
172 0 1 1 4 3 1 1 0
173 1 1 1 4 3 1 1 0
174 1 1 1 4 3 1 1 0
175 1 1 1 4 3 1 1 1
176 1 1 1 4 3 1 1 0
177 0 1 1 4 2 1 1 0
178 1 2 3 3 3 3 2 1
179 1 1 3 3 3 3 1 1
180 1 1 1 3 3 3 1 1
181 1 1 3 3 3 1 1 1
182 1 1 3 3 3 1 1 1
183 1 1 2 3 3 3 1 1
184 0 1 1 2 4 1 1 0
185 0 1 1 1 4 1 1 1
186 0 1 1 3 4 1 1 1
187 0 1 1 2 4 1 1 1
188 1 1 3 3 3 3 2 1
189 0 1 1 1 4 1 1 0
190 1 3 3 3 3 3 1 1
191 1 1 3 3 3 3 2 1
192 1 1 2 3 3 3 3 1
193 1 1 2 3 3 3 3 1
194 1 1 2 3 3 3 3 1
195 0 1 1 1 4 1 1 1
196 1 1 1 2 4 1 1 1
197 1 1 2 4 3 1 1 1
198 1 1 3 4 3 1 1 1
199 1 1 3 4 3 1 1 1
200 1 2 3 4 3 3 1 1
201 0 1 1 4 4 1 1 0
202 1 1 2 4 4 1 1 1
203 1 1 3 4 4 1 1 1
204 1 1 2 4 4 2 1 1
