0 0 0 0 0 0 0 0 0
1 3 1 0 0 0 0 0 2
2 2 0 0 0 0 0 1 3
3 2 0 0 0 0 0 1 3
4 3 1 0 0 0 0 2 3
5 3 2 0 0 0 0 3 3
6 0 0 0 0 0 0 0 4
7 1 0 0 0 0 0 0 4
8 2 0 0 0 0 0 0 4
9 2 0 0 0 0 0 0 4
10 3 0 0 0 0 0 0 4
11 3 0 0 0 0 0 0 4
12 3 0 0 0 0 0 0 4
13 3 0 0 0 0 0 1 4
14 3 0 0 0 0 0 1 4
15 3 0 0 0 0 0 1 4
16 4 1 0 0 0 0 0 3
17 4 1 0 0 0 0 0 3
18 1 0 0 0 0 0 3 4
19 1 0 0 0 0 0 3 4
20 0 0 0 0 0 1 4 3
21 1 0 0 0 0 0 3 4
22 3 0 0 0 0 0 1 4
23 1 0 0 0 0 0 3 4
24 0 0 0 0 0 1 4 3
25 0 0 0 0 0 3 4 1
26 0 0 0 0 0 3 4 1
27 0 0 0 0 0 3 4 0
28 0 0 0 0 0 3 4 1
29 0 0 0 0 0 1 4 3
30 0 0 0 0 0 3 4 1
31 0 0 0 0 0 3 4 1
32 0 0 0 0 0 3 4 1
33 0 0 0 0 0 3 4 1
34 0 0 0 0 0 4 3 0
35 0 0 0 0 0 3 4 0
36 0 0 0 0 3 4 0 0
37 0 0 0 0 0 3 4 1
38 1 0 0 0 0 0 3 4
39 0 0 0 0 0 1 4 3
40 0 0 0 0 0 1 4 3
41 0 0 0 0 0 1 4 3
42 3 0 0 0 0 0 1 4
43 3 0 0 0 0 0 1 4
44 3 0 0 0 0 0 1 4
45 1 0 0 0 0 0 3 4
46 1 0 0 0 0 0 3 4
47 4 1 0 0 0 0 0 3
48 4 1 0 0 0 0 0 3
49 4 1 0 0 0 0 0 3
50 3 0 0 0 0 0 1 4
51 0 0 0 0 0 1 4 3
52 1 0 0 0 0 0 3 4
53 1 0 0 0 0 0 3 4
54 1 0 0 0 0 0 3 4
55 0 0 0 0 0 1 4 3
56 0 0 0 0 0 3 4 1
57 0 0 0 0 0 3 4 0
58 0 0 0 0 0 1 4 3
59 0 0 0 0 0 0 3 4
60 0 0 0 0 0 0 2 4
61 0 0 0 0 0 0 4 3
62 0 0 0 0 0 0 4 3
63 4 3 0 0 0 0 0 0
64 3 4 1 0 0 0 0 0
65 3 4 1 0 0 0 0 0
66 3 4 1 0 0 0 0 0
67 3 4 1 0 0 0 0 0
68 3 4 1 0 0 0 0 0
69 1 4 3 0 0 0 0 0
70 1 4 3 0 0 0 0 0
71 1 4 3 0 0 0 0 0
72 0 3 4 1 0 0 0 0
73 0 3 4 1 0 0 0 0
74 1 4 3 0 0 0 0 0
75 0 4 3 0 0 0 0 0
76 0 3 4 0 0 0 0 0
77 0 3 4 0 0 0 0 0
78 0 3 4 0 0 0 0 0
79 0 3 4 0 0 0 0 0
80 0 2 4 0 0 0 0 0
81 0 2 4 0 0 0 0 0
82 0 3 4 0 0 0 0 0
83 0 3 4 0 0 0 0 0
84 0 3 4 1 0 0 0 0
85 0 3 4 1 0 0 0 0
86 0 3 4 1 0 0 0 0
87 0 3 4 1 0 0 0 0
88 0 3 4 1 0 0 0 0
89 3 4 1 0 0 0 0 0
90 1 4 3 0 0 0 0 0
91 1 4 3 0 0 0 0 0
92 1 4 3 0 0 0 0 0
93 1 4 3 0 0 0 0 0
94 0 4 3 0 0 0 0 0
95 0 4 3 0 0 0 0 0
96 0 4 3 0 0 0 0 0
97 0 4 3 0 0 0 0 0
98 1 4 3 0 0 0 0 0
99 1 4 3 0 0 0 0 0
100 1 4 3 0 0 0 0 0
101 1 4 3 0 0 0 0 0
102 1 4 3 0 0 0 0 0
103 0 4 3 0 0 0 0 0
104 1 4 3 0 0 0 0 0
105 0 1 4 3 0 0 0 0
106 0 1 4 3 0 0 0 0
107 0 1 4 3 0 0 0 0
108 0 1 4 3 0 0 0 0
109 0 1 4 3 0 0 0 0
110 0 0 1 4 3 0 0 0
111 0 0 1 4 3 0 0 0
112 0 0 3 4 1 0 0 0
113 0 0 1 4 2 0 0 0
114 0 0 0 4 3 0 0 0
115 0 0 0 3 4 0 0 0
116 0 0 0 3 4 1 0 0
117 0 0 0 3 4 1 0 0
118 0 0 0 3 4 1 0 0
119 0 0 0 3 4 1 0 0
120 0 0 0 3 4 1 0 0
121 0 0 0 3 4 1 0 0
122 0 0 0 3 4 1 0 0
123 0 0 0 3 4 1 0 0
124 0 0 3 4 1 0 0 0
125 0 0 3 4 1 0 0 0
126 0 3 4 1 0 0 0 0
127 4 3 0 0 0 0 0 1
128 4 1 0 0 0 0 0 3
129 4 1 0 0 0 0 0 3
130 4 1 0 0 0 0 0 3
131 4 1 0 0 0 0 0 3
132 4 1 0 0 0 0 0 3
133 3 0 0 0 0 0 1 4
134 3 0 0 0 0 0 1 4
135 4 1 0 0 0 0 0 3
136 4 3 0 0 0 0 0 1
137 4 1 0 0 0 0 0 3
138 4 1 0 0 0 0 0 3
139 4 1 0 0 0 0 0 3
140 4 1 0 0 0 0 0 3
141 4 1 0 0 0 0 0 3
142 4 1 0 0 0 0 0 3
143 4 1 0 0 0 0 0 3
144 3 0 0 0 0 0 1 4
145 3 0 0 0 0 0 1 4
146 3 0 0 0 0 0 1 4
147 4 1 0 0 0 0 0 3
148 4 1 0 0 0 0 0 3
149 4 1 0 0 0 0 0 3
150 4 1 0 0 0 0 0 3
151 4 1 0 0 0 0 0 3
152 4 1 0 0 0 0 0 3
153 4 1 0 0 0 0 0 3
154 3 0 0 0 0 0 1 4
155 4 1 0 0 0 0 0 3
156 4 1 0 0 0 0 0 3
157 4 1 0 0 0 0 0 3
158 3 4 1 0 0 0 0 0
159 3 0 0 0 0 0 1 4
160 3 0 0 0 0 0 1 4
161 3 0 0 0 0 0 1 4
162 3 0 0 0 0 0 0 4
163 3 0 0 0 0 0 1 4
164 3 0 0 0 0 0 1 4
165 3 0 0 0 0 0 1 4
166 4 1 0 0 0 0 0 3
167 4 1 0 0 0 0 0 3
168 4 1 0 0 0 0 0 3
169 4 0 0 0 0 0 0 3
170 4 0 0 0 0 0 0 3
171 3 4 0 0 0 0 0 0
172 3 4 1 0 0 0 0 0
173 3 4 1 0 0 0 0 0
174 3 4 1 0 0 0 0 0
175 3 4 1 0 0 0 0 0
176 3 4 1 0 0 0 0 0
177 3 4 1 0 0 0 0 0
178 3 4 1 0 0 0 0 0
