0 0 0 0 0 0 0 0 0
1 0 0 0 0 0 0 0 0
2 0 0 0 0 0 0 0 0
3 0 0 0 0 0 0 0 0
4 1 1 0 0 0 1 1 1
5 1 1 0 0 0 1 1 1
6 1 1 0 0 1 1 1 2
7 2 1 1 1 1 1 3 3
8 3 2 1 1 1 3 3 3
9 1 1 1 0 1 1 2 4
10 3 1 1 0 1 1 1 4
11 4 1 1 1 1 1 1 3
12 4 1 1 1 0 1 1 2
13 1 1 1 0 1 1 1 4
14 4 1 1 1 0 1 1 1
15 4 1 1 1 0 1 1 2
16 4 1 1 1 0 1 1 2
17 4 1 1 0 0 1 1 1
18 4 1 1 0 0 1 1 1
19 3 3 2 1 1 1 3 3
20 1 1 1 0 1 1 2 4
21 3 3 1 1 1 3 3 3
22 1 1 1 1 3 3 3 3
23 1 1 1 2 3 3 3 1
24 1 1 1 1 1 3 3 3
25 1 0 0 1 1 1 4 1
26 1 1 0 1 1 1 4 1
27 2 1 1 2 3 3 3 3
28 2 1 1 1 3 3 3 3
29 1 1 1 1 2 3 3 3
30 1 1 1 1 1 3 3 3
31 1 1 1 1 1 3 3 2
32 1 0 1 1 1 3 3 1
33 1 0 1 1 1 3 3 1
34 1 0 1 1 1 3 3 1
35 1 0 1 1 3 3 3 1
36 1 1 1 1 3 3 3 1
37 1 1 1 1 2 3 3 3
38 3 3 2 1 1 1 1 3
39 3 3 1 1 1 1 3 3
40 4 1 1 0 0 1 1 2
41 3 1 1 0 1 1 1 4
42 3 1 1 1 1 1 1 4
43 4 3 1 1 1 1 1 1
44 3 4 2 1 1 1 1 1
45 3 4 1 1 1 0 1 1
46 3 1 1 0 0 1 1 4
47 1 1 0 0 1 1 1 4
48 3 3 1 1 1 2 3 3
49 3 3 1 1 1 1 3 3
50 3 2 1 1 1 1 3 3
51 2 1 1 1 2 3 3 3
52 1 1 1 1 3 3 3 3
53 1 1 1 1 3 3 3 3
54 1 1 1 1 3 3 3 2
55 1 1 1 1 2 3 3 1
56 1 1 0 1 1 3 3 1
57 1 1 1 1 1 3 3 1
58 1 1 1 1 1 3 3 3
59 1 1 1 1 2 3 3 2
60 1 1 1 1 1 3 3 3
61 3 2 1 1 1 1 2 3
62 3 3 3 2 1 1 1 1
63 1 3 3 3 1 1 0 1
64 1 3 3 3 1 1 0 1
65 1 1 3 3 1 1 1 1
66 1 3 3 2 1 1 0 1
67 1 3 3 2 1 1 0 1
68 1 3 3 3 1 1 1 1
69 3 3 3 3 1 1 1 1
70 1 3 3 3 3 1 1 1
71 1 3 3 3 1 1 1 1
72 1 3 3 2 1 1 1 1
73 1 2 3 3 1 1 0 1
74 1 1 3 3 1 1 1 1
75 1 1 3 3 3 1 1 1
76 1 1 1 3 3 1 1 1
77 1 1 3 3 3 1 1 0
78 1 3 3 2 1 1 0 1
79 3 3 2 1 1 1 1 1
80 3 3 3 1 1 1 1 3
81 2 1 1 1 1 3 3 3
82 2 1 1 1 3 3 3 3
83 1 1 1 1 3 3 3 3
84 3 2 1 1 1 3 3 3
85 3 1 1 0 1 1 1 4
86 4 2 1 1 0 1 1 1
87 1 4 2 1 1 0 1 1
88 1 2 4 1 1 1 0 1
89 3 3 3 3 2 1 1 1
90 2 3 3 3 1 1 1 1
91 3 3 1 1 1 1 1 3
92 3 1 1 1 1 1 3 3
93 3 1 1 1 1 1 3 3
94 3 3 2 1 1 1 1 3
95 3 3 3 1 1 1 1 1
96 2 3 3 2 1 1 1 1
97 1 3 3 3 2 1 1 1
98 3 3 3 3 3 1 1 1
99 3 3 3 3 3 1 1 1
100 2 3 3 3 3 2 1 1
101 2 3 3 3 3 1 1 1
102 3 3 3 1 1 1 1 3
103 3 3 3 1 1 1 1 1
104 3 3 2 1 1 1 1 3
105 3 3 3 1 1 1 1 1
106 1 1 3 3 3 1 1 1
107 1 1 1 3 3 1 1 1
108 1 1 3 3 3 1 1 1
109 1 1 3 3 3 1 1 0
110 1 1 3 3 3 1 1 1
111 1 3 3 3 2 1 1 1
112 2 3 3 3 1 1 1 1
113 1 1 2 3 3 3 1 1
114 1 1 1 3 3 3 2 1
115 1 1 1 3 3 3 2 1
116 1 1 1 3 3 3 1 1
117 1 1 1 2 3 3 1 1
118 1 1 2 3 3 1 1 1
119 1 1 2 3 3 1 1 1
120 1 1 2 3 3 2 1 1
121 1 1 2 3 3 3 1 1
122 1 1 3 3 3 3 2 1
123 3 1 1 1 3 3 3 3
124 3 3 1 1 1 3 3 3
125 4 1 1 1 0 1 1 1
126 4 1 1 1 0 1 1 2
127 4 1 1 1 0 1 1 2
128 1 1 1 0 1 1 2 4
129 2 1 1 0 1 1 1 4
130 2 1 1 0 1 1 1 4
131 2 1 1 0 1 1 1 4
132 2 1 1 1 1 1 1 4
133 1 1 1 0 1 1 1 4
134 1 1 1 0 0 1 1 4
135 3 3 2 1 1 2 3 3
136 3 3 1 1 1 2 3 3
137 1 1 1 0 0 1 1 4
138 1 1 1 0 0 1 1 4
139 3 3 1 1 1 3 3 3
140 3 3 1 1 1 2 3 3
141 3 3 1 1 1 2 3 3
142 3 3 2 1 1 2 3 3
143 2 1 1 0 0 1 1 4
144 4 1 1 1 0 1 1 3
145 3 1 1 1 1 1 1 4
146 4 1 1 1 1 1 1 3
147 3 1 1 0 1 1 1 4
148 4 1 1 1 0 1 1 3
149 4 1 1 1 0 1 1 2
150 3 3 3 2 1 1 2 3
151 3 3 1 1 1 1 3 3
152 1 1 0 1 1 1 4 1
153 1 0 1 1 1 4 1 1
154 1 0 0 1 1 4 1 1
155 3 2 1 1 1 3 3 3
156 2 1 1 1 1 3 3 3
157 3 3 1 1 1 2 3 3
158 3 3 1 1 1 2 3 3
159 1 1 1 0 1 1 1 4
160 3 3 1 1 1 2 3 3
161 3 2 1 1 1 3 3 3
162 1 1 1 0 1 1 1 4
163 2 4 1 1 1 0 1 1
164 3 3 3 3 2 1 1 1
165 1 3 3 3 2 1 1 1
166 2 3 3 3 1 1 1 1
167 1 3 4 1 1 1 0 1
168 1 3 4 1 1 1 0 1
169 1 3 4 1 1 1 0 1
170 1 2 4 1 1 1 0 1
171 1 2 4 1 1 1 0 1
172 1 2 4 1 1 1 0 1
173 1 3 4 1 1 1 0 1
174 1 3 4 1 1 1 1 1
175 1 2 4 1 1 1 0 1
176 1 1 4 1 1 0 0 1
177 3 3 3 2 1 1 1 3
178 3 3 3 3 1 1 1 1
