0 0 0 0 0 0 0 0 0
1 0 0 0 0 0 0 0 0
2 0 0 0 0 0 0 0 0
3 0 0 0 0 0 0 0 0
4 0 0 0 0 0 0 2 3
5 0 0 0 0 0 0 2 3
6 3 0 0 0 0 0 3 3
7 3 0 0 0 0 2 3 3
8 1 0 0 0 0 0 3 4
9 3 0 0 0 0 1 3 4
10 4 2 0 0 0 0 1 4
11 4 3 1 0 0 0 3 4
12 4 3 1 0 0 0 3 4
13 4 3 2 0 0 0 3 4
14 4 3 3 0 0 2 3 4
15 4 4 0 0 0 0 0 4
16 4 4 0 0 0 0 0 4
17 4 3 3 0 0 2 3 4
18 4 4 3 0 0 0 3 3
19 4 4 3 0 0 0 1 3
20 4 0 0 0 0 0 4 4
21 4 0 0 0 0 0 4 4
22 3 0 0 0 3 3 4 4
23 3 0 0 0 0 3 4 4
24 3 0 0 0 0 0 4 4
25 3 0 0 0 0 3 4 4
26 1 0 0 0 3 4 4 3
27 0 0 0 3 3 4 4 3
28 0 0 0 0 3 4 4 3
29 0 0 0 0 1 4 4 3
30 0 0 0 0 0 4 4 2
31 0 0 0 0 1 4 4 0
32 0 0 0 0 0 4 4 0
33 2 0 0 1 3 3 4 3
34 0 0 0 0 3 3 4 3
35 0 0 0 0 3 4 3 1
36 0 0 0 0 3 4 3 2
37 1 0 0 2 3 4 3 3
38 1 0 0 0 0 0 4 4
39 3 0 0 0 0 0 4 4
40 3 0 0 0 0 0 4 4
41 3 1 0 0 0 3 4 4
42 4 3 1 0 0 3 3 4
43 4 2 0 0 0 0 4 4
44 4 3 0 0 0 1 4 4
45 4 4 3 0 0 1 3 4
46 4 4 3 0 0 0 3 4
47 4 4 3 0 0 0 3 4
48 4 4 0 0 0 0 3 4
49 4 4 0 0 0 0 0 4
50 4 3 3 0 0 2 3 4
51 4 3 2 0 0 0 3 4
52 4 3 0 0 0 0 2 4
53 1 0 0 0 3 4 4 3
54 1 0 0 0 3 4 4 3
55 0 0 0 0 0 4 4 3
56 0 0 0 0 0 4 4 1
57 3 0 0 0 1 3 4 3
58 3 0 0 0 1 3 4 3
59 0 0 0 0 0 3 4 4
60 1 0 0 0 0 0 4 4
61 3 0 0 0 0 1 4 4
62 4 0 0 0 0 0 1 4
63 4 3 0 0 0 0 0 4
64 4 0 0 0 0 0 0 4
65 4 4 0 0 0 0 0 0
66 4 3 3 0 0 0 2 3
67 4 3 3 0 0 0 1 3
68 3 4 3 3 0 0 0 1
69 2 4 4 0 0 0 0 0
70 3 4 4 3 0 0 0 0
71 3 4 4 3 0 0 0 1
72 3 4 4 3 1 0 0 0
73 0 4 4 2 0 0 0 0
74 3 3 4 3 3 0 0 0
75 0 4 4 1 0 0 0 0
76 3 3 4 3 3 0 0 0
77 0 3 3 4 3 2 0 0
78 0 3 3 4 3 1 0 0
79 0 3 3 4 3 2 0 0
80 3 4 4 2 0 0 0 0
81 3 4 4 1 0 0 0 0
82 2 4 4 0 0 0 0 0
83 3 4 4 0 0 0 0 0
84 2 4 4 3 0 0 0 0
85 1 4 4 4 0 0 0 0
86 3 4 4 3 3 0 0 2
87 3 4 4 3 3 1 0 2
88 3 4 4 3 3 0 0 3
89 4 4 3 1 0 0 0 3
90 4 4 0 0 0 0 0 3
91 4 4 0 0 0 0 0 1
92 4 2 0 0 0 0 0 4
93 4 1 0 0 0 0 2 4
94 4 0 0 0 0 0 3 4
95 4 4 2 0 0 0 0 1
96 4 4 2 0 0 0 0 0
97 4 4 2 0 0 0 0 1
98 4 4 3 0 0 0 0 3
99 4 4 3 1 0 0 0 3
100 3 4 4 3 0 0 0 0
101 3 4 4 3 0 0 0 0
102 3 4 4 1 0 0 0 0
103 0 4 4 1 0 0 0 0
104 0 1 4 4 0 0 0 0
105 0 0 4 4 2 0 0 0
106 1 4 4 2 0 0 0 0
107 0 3 3 4 3 2 0 0
108 0 0 4 4 0 0 0 0
109 0 0 4 4 2 0 0 0
110 0 0 1 4 4 0 0 0
111 0 0 3 4 4 0 0 0
112 0 0 3 4 4 1 0 0
113 0 0 3 4 4 1 0 0
114 0 0 3 4 4 1 0 0
115 0 0 3 4 4 0 0 0
116 0 0 2 4 4 0 0 0
117 0 0 0 4 4 0 0 0
118 0 3 3 4 3 3 0 0
119 0 0 3 3 4 3 3 0
120 0 0 0 4 4 0 0 0
121 0 0 1 4 4 2 0 0
122 0 0 3 4 4 3 1 0
123 0 1 3 4 4 3 3 0
124 0 2 3 4 4 3 3 0
125 1 3 3 4 4 3 3 0
126 3 3 4 4 3 2 0 1
127 3 4 4 3 3 0 0 3
128 4 4 4 0 0 0 0 1
129 4 4 4 0 0 0 0 0
130 4 4 0 0 0 0 0 4
131 4 1 0 0 0 0 4 4
132 4 1 0 0 0 0 4 4
133 4 3 2 0 1 3 3 4
134 4 3 0 0 0 3 3 4
135 4 3 0 0 0 3 3 4
136 4 3 0 0 0 2 3 4
137 4 3 0 0 0 3 3 4
138 4 3 2 0 0 3 3 4
139 4 3 0 0 0 3 3 4
140 4 3 0 0 0 0 3 4
141 4 2 0 0 0 0 3 4
142 4 3 0 0 0 2 3 4
143 4 3 3 0 0 2 3 4
144 4 3 0 0 0 0 4 4
145 4 3 0 0 0 1 4 4
146 4 2 0 0 0 1 4 4
147 4 4 0 0 0 0 3 4
148 4 4 0 0 0 0 3 4
149 4 0 0 0 0 0 4 4
150 4 3 3 0 0 0 3 4
151 4 3 0 0 0 0 3 4
152 4 3 2 0 0 3 3 4
153 4 3 3 0 1 3 3 4
154 4 3 3 0 0 1 3 4
155 4 3 2 0 0 0 3 4
156 4 0 0 0 0 0 3 4
157 4 3 0 0 0 2 3 4
158 4 3 0 0 0 2 3 4
159 4 3 2 0 0 3 3 4
160 4 3 2 0 0 0 3 4
161 4 3 2 0 0 0 3 4
162 4 4 3 2 0 0 0 3
163 4 4 3 3 0 0 2 3
164 4 4 3 0 0 0 0 3
165 0 4 4 2 0 0 0 0
166 3 4 4 3 0 0 0 0
167 3 4 4 4 0 0 0 0
168 0 4 4 4 2 0 0 0
169 0 4 4 4 1 0 0 0
170 0 4 4 4 0 0 0 0
171 3 4 4 3 3 0 0 2
172 1 4 4 4 0 0 0 0
173 3 4 4 4 0 0 0 0
174 1 4 4 4 0 0 0 0
175 3 4 4 3 3 0 0 2
176 3 4 4 3 2 0 0 0
177 3 4 4 3 0 0 0 0
178 0 4 4 3 0 0 0 0
