0 0 0 0 0 0 0 0 0
1 0 0 0 0 0 0 0 0
2 0 0 0 0 0 0 0 0
3 0 0 0 0 0 0 0 0
4 2 0 0 0 0 0 0 3
5 2 0 0 0 0 0 0 3
6 3 0 0 0 0 0 0 2
7 3 0 0 0 0 0 1 3
8 3 0 0 0 0 0 2 3
9 3 0 0 0 0 0 3 3
10 3 3 1 0 0 0 0 3
11 3 1 0 0 0 0 3 3
12 3 0 0 0 0 0 3 3
13 3 3 0 0 0 0 0 3
14 3 3 0 0 0 0 0 3
15 3 1 0 0 0 0 3 3
16 3 1 0 0 0 0 3 3
17 3 1 0 0 0 0 3 3
18 3 2 0 0 0 0 1 3
19 3 0 0 0 0 0 2 3
20 0 0 0 0 0 3 3 3
21 3 0 0 0 0 0 3 3
22 0 0 0 0 0 2 3 3
23 0 0 0 0 0 1 3 3
24 0 0 0 0 0 1 3 3
25 0 0 0 0 0 3 3 3
26 0 0 0 0 0 3 3 3
27 0 0 0 0 0 3 3 3
28 0 0 0 0 1 3 3 2
29 0 0 0 0 0 3 3 1
30 0 0 0 0 1 3 3 0
31 3 0 0 0 0 0 0 3
32 3 0 0 0 0 0 0 3
33 2 0 0 0 0 0 0 3
34 0 0 0 0 0 3 2 0
35 0 0 0 0 0 3 2 0
36 0 0 0 0 0 0 3 3
37 1 0 0 0 0 0 3 3
38 3 0 0 0 0 0 1 3
39 3 0 0 0 0 0 1 3
40 0 0 0 0 0 2 3 3
41 3 0 0 0 0 0 3 3
42 3 1 0 0 0 0 3 3
43 3 1 0 0 0 0 3 3
44 3 3 0 0 0 0 2 3
45 3 2 0 0 0 0 3 3
46 3 2 0 0 0 0 3 3
47 3 1 0 0 0 0 3 3
48 3 0 0 0 0 0 3 3
49 3 1 0 0 0 0 2 3
50 3 0 0 0 0 0 2 3
51 3 0 0 0 0 0 1 3
52 3 1 0 0 0 0 0 3
53 3 2 0 0 0 0 0 3
54 0 0 0 0 0 2 3 3
55 0 0 0 0 0 1 3 3
56 0 0 0 0 0 0 3 3
57 3 0 0 0 0 0 0 2
58 2 3 0 0 0 0 0 0
59 3 0 0 0 0 0 1 3
60 3 0 0 0 0 0 0 3
61 3 0 0 0 0 0 1 3
62 3 0 0 0 0 0 0 3
63 3 0 0 0 0 0 1 3
64 3 0 0 0 0 0 0 3
65 3 0 0 0 0 0 0 3
66 3 0 0 0 0 0 0 3
67 3 3 0 0 0 0 0 0
68 3 3 0 0 0 0 0 0
69 3 2 0 0 0 0 0 1
70 3 3 0 0 0 0 0 1
71 3 3 0 0 0 0 0 2
72 2 3 3 0 0 0 0 0
73 3 3 0 0 0 0 0 0
74 3 3 0 0 0 0 0 0
75 2 3 0 0 0 0 0 0
76 3 3 0 0 0 0 0 0
77 1 3 3 0 0 0 0 0
78 0 3 3 0 0 0 0 0
79 0 3 3 0 0 0 0 0
80 0 3 3 0 0 0 0 0
81 2 3 3 0 0 0 0 0
82 1 3 3 0 0 0 0 0
83 1 3 3 0 0 0 0 0
84 2 3 3 0 0 0 0 0
85 2 3 3 0 0 0 0 0
86 3 3 3 1 0 0 0 0
87 3 3 3 1 0 0 0 0
88 3 3 3 0 0 0 0 0
89 3 3 3 1 0 0 0 0
90 3 3 3 1 0 0 0 0
91 2 3 3 0 0 0 0 0
92 3 3 0 0 0 0 0 1
93 1 3 3 0 0 0 0 0
94 1 3 3 0 0 0 0 0
95 1 3 3 0 0 0 0 0
96 1 3 3 0 0 0 0 0
97 1 3 3 0 0 0 0 0
98 1 3 3 0 0 0 0 0
99 2 3 3 0 0 0 0 0
100 2 3 3 0 0 0 0 0
101 2 3 3 0 0 0 0 0
102 2 3 3 0 0 0 0 0
103 1 3 3 0 0 0 0 0
104 0 3 3 0 0 0 0 0
105 0 3 3 1 0 0 0 0
106 0 1 3 3 0 0 0 0
107 0 1 3 3 0 0 0 0
108 0 1 3 3 0 0 0 0
109 0 3 3 0 0 0 0 0
110 0 0 3 3 1 0 0 0
111 0 0 3 3 1 0 0 0
112 0 0 1 3 3 0 0 0
113 0 0 1 3 3 0 0 0
114 0 0 1 3 3 0 0 0
115 0 0 1 3 3 0 0 0
116 0 0 1 3 3 0 0 0
117 0 0 1 3 3 0 0 0
118 0 0 3 3 1 0 0 0
119 0 0 3 3 0 0 0 0
120 0 3 3 0 0 0 0 0
121 0 0 3 3 0 0 0 0
122 0 0 3 3 0 0 0 0
123 0 1 3 3 0 0 0 0
124 0 2 3 3 0 0 0 0
125 3 3 3 0 0 0 0 0
126 3 3 3 0 0 0 0 0
127 3 3 3 0 0 0 0 0
128 3 3 3 1 0 0 0 0
129 1 3 3 3 0 0 0 0
130 1 3 3 3 0 0 0 0
131 1 3 3 3 0 0 0 0
132 3 3 0 0 0 0 0 3
133 3 3 1 0 0 0 0 3
134 3 3 1 0 0 0 0 3
135 3 3 1 0 0 0 0 3
136 3 3 0 0 0 0 0 3
137 3 3 1 0 0 0 0 2
138 3 0 0 0 0 0 2 3
139 3 2 0 0 0 0 0 3
140 3 3 0 0 0 0 0 3
141 3 3 0 0 0 0 0 3
142 3 2 0 0 0 0 1 3
143 3 2 0 0 0 0 0 3
144 3 2 0 0 0 0 0 3
145 3 3 0 0 0 0 0 3
146 3 3 0 0 0 0 1 3
147 3 3 0 0 0 0 2 3
148 3 3 0 0 0 0 1 3
149 3 3 0 0 0 0 2 3
150 3 3 0 0 0 0 1 3
151 3 3 0 0 0 0 0 3
152 3 3 0 0 0 0 0 3
153 3 2 0 0 0 0 0 3
154 3 2 0 0 0 0 0 3
155 3 3 0 0 0 0 1 3
156 3 3 3 0 0 0 0 0
157 3 1 0 0 0 0 2 3
158 3 2 0 0 0 0 0 3
159 3 3 0 0 0 0 0 2
160 3 0 0 0 0 0 2 3
161 3 3 1 0 0 0 0 2
162 3 3 2 0 0 0 0 0
163 3 3 2 0 0 0 0 0
164 3 3 1 0 0 0 0 2
165 3 2 0 0 0 0 1 3
166 3 3 0 0 0 0 0 3
167 2 3 3 0 0 0 0 0
168 0 3 3 1 0 0 0 0
169 3 3 3 0 0 0 0 0
170 3 3 3 1 0 0 0 0
171 3 3 3 1 0 0 0 0
172 3 3 1 0 0 0 0 3
173 3 3 3 0 0 0 0 0
174 3 3 3 0 0 0 0 0
175 3 3 3 0 0 0 0 1
176 3 3 3 0 0 0 0 1
177 3 3 3 0 0 0 0 0
178 3 3 2 0 0 0 0 1
