0 0 0 0 0 0 0 0 0
1 0 0 0 0 0 0 0 0
2 0 0 0 0 0 0 0 0
3 0 0 0 0 0 0 0 0
4 1 1 1 1 1 0 0 1
5 1 1 1 1 1 0 0 1
6 1 1 1 1 1 0 0 1
7 1 3 1 1 1 0 0 1
8 1 2 1 1 1 0 1 1
9 1 3 1 1 1 0 0 1
10 1 3 1 1 1 0 1 1
11 1 3 1 1 1 0 1 1
12 1 3 2 1 1 0 1 1
13 2 3 1 1 1 0 1 1
14 3 1 1 1 0 1 1 2
15 3 1 1 1 0 1 1 2
16 3 1 1 1 0 1 1 2
17 3 1 1 1 0 1 1 2
18 1 1 1 0 1 1 1 3
19 1 1 1 0 1 1 1 3
20 1 1 1 1 1 2 3 1
21 3 1 1 1 0 1 1 3
22 1 3 3 1 1 0 0 1
23 1 1 3 1 1 1 0 1
24 1 1 3 1 1 0 0 1
25 2 3 1 1 1 0 1 1
26 3 1 1 1 0 1 1 1
27 2 1 1 0 1 1 1 3
28 2 1 1 0 1 1 1 3
29 1 1 1 0 1 1 1 3
30 2 1 1 1 0 1 1 1
31 1 1 1 0 1 1 1 1
32 1 0 0 1 1 1 2 1
33 1 0 0 1 1 1 1 1
34 1 0 0 1 1 1 1 1
35 1 0 0 1 1 1 1 1
36 1 0 1 1 1 1 1 1
37 1 0 1 1 1 2 1 1
38 1 1 0 1 1 1 2 1
39 1 1 0 0 1 1 3 1
40 1 1 0 0 1 1 2 3
41 3 2 1 1 0 1 1 1
42 3 3 1 1 0 1 1 1
43 3 3 1 1 1 0 1 1
44 3 3 1 1 1 0 1 1
45 3 3 1 1 1 0 1 1
46 2 3 1 1 1 0 1 1
47 1 3 2 1 1 0 1 1
48 3 1 1 1 0 1 1 1
49 1 3 1 1 0 0 1 1
50 2 1 1 1 0 1 1 1
51 2 1 1 1 0 1 1 1
52 1 1 1 0 1 1 1 2
53 1 1 0 1 1 1 2 1
54 1 1 0 1 1 1 2 1
55 1 1 0 1 1 1 1 1
56 1 0 0 1 1 1 1 1
57 1 1 0 0 1 1 1 1
58 1 1 0 0 1 1 1 2
59 1 1 1 0 1 1 1 1
60 1 1 1 0 0 1 1 2
61 1 1 1 1 0 1 1 1
62 1 1 1 1 0 1 1 1
63 1 1 1 1 0 1 1 1
64 1 1 1 1 1 0 1 1
65 1 1 1 1 1 0 0 1
66 1 1 1 1 1 0 0 1
67 1 1 1 1 1 0 0 1
68 1 1 2 1 1 0 0 1
69 1 1 3 1 1 0 0 1
70 1 1 3 1 1 0 0 1
71 1 1 2 1 1 0 0 1
72 1 1 1 1 0 0 1 1
73 1 1 1 1 0 0 1 1
74 1 1 1 1 1 0 0 1
75 1 1 2 1 1 1 0 0
76 1 1 1 2 1 1 0 0
77 1 1 1 1 1 1 0 0
78 1 1 1 1 1 1 0 0
79 1 1 1 1 1 1 0 0
80 1 3 1 1 1 0 0 1
81 1 2 1 1 1 0 1 1
82 1 1 1 1 1 0 1 1
83 1 1 2 1 1 1 0 1
84 1 1 3 1 1 0 0 1
85 1 2 3 1 1 1 0 1
86 1 2 3 1 1 1 0 1
87 1 2 3 1 1 1 0 1
88 1 2 3 1 1 1 0 1
89 3 2 1 1 0 1 1 1
90 3 1 1 0 0 1 1 1
91 1 1 1 0 1 1 1 2
92 1 1 1 0 1 1 1 2
93 1 1 1 0 1 1 1 2
94 1 1 1 0 1 1 1 2
95 1 1 1 0 1 1 1 2
96 1 1 1 0 0 1 1 2
97 2 1 1 0 0 1 1 1
98 1 1 2 1 1 1 0 1
99 1 1 2 2 1 1 0 1
100 1 3 1 1 1 0 0 1
101 1 3 1 1 1 0 0 1
102 1 2 1 1 1 0 1 1
103 1 1 1 1 1 0 1 1
104 1 1 1 1 1 0 1 1
105 1 1 1 1 1 0 1 1
106 1 2 1 1 1 0 0 1
107 1 1 1 1 1 0 0 1
108 1 1 1 1 1 0 0 1
109 1 1 1 1 1 0 1 1
110 1 1 1 1 1 0 1 1
111 1 1 1 1 1 1 0 1
112 0 1 1 1 2 1 1 0
113 0 1 1 1 1 1 1 1
114 0 1 1 1 1 1 1 1
115 0 1 1 1 1 1 1 1
116 0 1 1 1 2 1 1 0
117 0 1 1 1 1 1 1 1
118 0 1 1 1 1 1 1 0
119 0 1 1 1 1 1 1 0
120 0 0 1 1 1 1 1 1
121 0 1 1 1 1 1 1 1
122 0 1 1 3 1 1 1 0
123 0 1 1 3 1 1 1 0
124 0 1 1 1 3 1 1 1
125 1 1 3 1 1 1 0 1
126 1 3 2 1 1 0 1 1
127 1 2 3 1 1 1 0 1
128 1 3 2 1 1 0 1 1
129 1 3 2 1 1 0 1 1
130 3 1 1 1 0 1 1 2
131 3 1 1 1 0 1 1 3
132 3 1 1 1 0 1 1 3
133 2 1 1 0 1 1 1 3
134 3 2 1 1 0 1 1 2
135 3 1 1 1 0 1 1 2
136 3 2 1 1 0 0 1 1
137 1 1 1 0 1 1 1 3
138 3 1 1 1 0 1 1 1
139 2 1 1 1 0 1 1 2
140 3 1 1 1 0 1 1 1
141 3 1 1 1 0 1 1 1
142 3 1 1 1 0 1 1 1
143 2 1 1 1 0 1 1 2
144 3 1 1 0 0 1 1 1
145 3 1 1 1 0 1 1 1
146 2 1 1 0 1 1 1 3
147 2 1 1 0 1 1 2 3
148 2 1 1 1 1 1 1 3
149 3 3 1 1 0 1 1 1
150 2 3 1 1 1 0 1 1
151 2 3 1 1 1 0 1 1
152 1 1 1 0 1 1 1 3
153 1 1 0 1 1 1 2 1
154 1 0 1 1 1 3 1 1
155 3 1 1 0 0 1 1 3
156 1 3 1 1 1 0 1 1
157 3 1 1 1 0 1 1 1
158 2 1 1 1 0 1 1 2
159 1 1 1 0 0 1 1 3
160 2 1 1 0 1 1 1 2
161 3 1 1 1 0 1 1 1
162 2 2 1 1 0 1 1 1
163 2 2 1 1 1 0 1 1
164 1 3 1 1 1 0 1 1
165 1 1 3 1 1 1 0 1
166 1 1 3 1 1 1 0 1
167 1 1 2 1 1 1 0 1
168 1 1 1 1 1 1 0 1
169 1 1 3 1 1 1 0 0
170 1 1 3 2 1 1 0 0
171 1 1 3 1 1 1 0 1
172 1 1 2 3 1 1 0 0
173 1 1 1 3 1 1 1 0
174 1 1 2 3 1 1 1 0
175 2 3 2 1 1 0 1 1
176 3 1 1 1 0 1 1 2
177 1 3 1 1 1 0 1 1
178 1 3 1 1 1 0 1 1
