0 0 0 0 0 0 0 0 0
1 1 1 1 0 0 1 1 1
2 0 1 1 1 1 1 1 0
3 0 1 1 1 1 1 1 0
4 0 1 1 1 1 1 1 0
5 0 1 1 1 1 1 1 0
6 1 1 1 2 1 1 1 0
7 1 1 2 3 1 1 1 0
8 1 1 3 3 3 2 1 1
9 1 1 3 3 3 2 1 1
10 1 1 3 3 3 2 1 1
11 1 2 3 3 3 3 2 1
12 1 1 3 3 3 3 1 1
13 1 1 3 3 3 2 1 1
14 1 1 3 3 3 3 1 1
15 0 1 1 1 4 1 1 0
16 1 1 1 4 1 1 1 0
17 1 1 1 4 2 1 1 0
18 0 1 1 1 4 1 1 1
19 1 2 3 3 3 3 1 1
20 1 1 1 3 3 3 3 1
21 1 1 0 1 1 1 4 1
22 1 0 1 1 1 4 2 1
23 1 1 1 2 3 3 3 3
24 1 1 1 2 3 3 3 3
25 1 1 1 1 3 3 3 2
26 1 0 1 1 1 4 1 1
27 1 0 0 1 1 4 1 1
28 1 0 1 1 1 4 1 1
29 1 1 1 2 3 3 3 3
30 1 1 1 1 3 3 3 3
31 1 1 1 1 3 3 3 2
32 1 1 1 1 3 3 3 1
33 1 1 1 1 2 3 3 1
34 1 1 1 1 1 3 3 1
35 1 1 0 1 1 3 3 2
36 1 1 1 1 1 2 3 1
37 0 1 1 1 3 2 1 1
38 1 1 0 1 1 3 3 1
39 1 1 1 1 2 3 3 1
40 1 1 1 1 3 3 3 1
41 1 1 1 2 3 3 3 1
42 1 1 1 3 3 3 2 1
43 3 2 1 1 2 3 3 3
44 1 1 1 1 1 1 4 1
45 3 1 1 0 1 1 1 4
46 3 1 1 0 1 1 1 4
47 4 1 1 1 1 1 1 3
48 4 1 1 1 1 1 1 3
49 2 1 1 0 1 1 2 4
50 1 1 1 0 1 1 1 4
51 3 3 2 1 1 2 3 3
52 3 3 1 1 1 1 3 3
53 3 2 1 1 1 1 3 3
54 1 1 1 1 3 3 3 3
55 1 1 1 1 3 3 3 3
56 1 1 1 2 3 3 3 2
57 1 1 1 1 3 3 3 1
58 1 1 1 3 3 3 1 1
59 0 1 1 2 3 3 1 1
60 0 1 1 3 3 1 1 1
61 1 1 1 3 2 1 1 0
62 1 1 2 3 3 1 1 1
63 1 1 3 3 2 1 1 1
64 1 1 3 3 3 1 1 0
65 1 1 1 1 3 3 3 1
66 2 3 3 3 1 1 1 1
67 2 3 3 1 1 1 1 1
68 2 3 3 1 1 1 1 1
69 3 3 3 1 1 0 1 1
70 2 3 3 1 1 1 1 1
71 1 3 3 1 1 1 1 1
72 1 3 3 1 1 1 1 1
73 1 3 3 3 1 1 1 1
74 3 3 3 3 1 1 1 2
75 3 3 3 2 1 1 1 3
76 1 3 3 3 1 1 1 1
77 1 3 3 3 1 1 1 1
78 1 1 3 3 1 1 1 1
79 1 1 3 3 3 1 1 1
80 3 3 3 1 1 1 1 1
81 3 3 2 1 1 1 1 1
82 1 1 1 3 3 2 1 1
83 1 1 1 2 3 3 1 1
84 2 3 3 1 1 1 1 1
85 3 3 3 1 1 1 1 3
86 2 3 3 3 1 1 1 1
87 3 3 3 3 2 1 1 1
88 2 3 3 3 2 1 1 1
89 1 2 4 1 1 1 0 1
90 1 1 2 4 1 1 1 0
91 1 4 2 1 1 0 1 1
92 4 2 1 1 0 1 1 1
93 3 3 2 1 1 1 3 3
94 3 3 1 1 1 1 3 3
95 3 3 3 1 1 1 1 2
96 3 3 3 1 1 1 1 1
97 3 3 3 2 1 1 1 1
98 3 3 3 2 1 1 1 1
99 1 3 3 3 1 1 1 1
100 3 3 1 1 0 1 1 3
101 3 3 2 1 1 1 1 3
102 3 3 2 1 1 1 3 3
103 3 3 3 3 2 1 1 1
104 1 2 3 3 3 3 1 1
105 1 1 3 3 3 3 1 1
106 1 1 1 3 3 3 1 1
107 1 1 2 3 3 2 1 1
108 1 1 1 3 3 2 1 1
109 1 1 1 3 3 3 1 1
110 1 1 3 3 3 1 1 1
111 1 1 1 3 3 1 1 1
112 1 0 1 1 3 3 3 1
113 1 1 1 3 3 3 1 1
114 0 1 1 3 3 3 1 1
115 1 1 2 3 3 3 1 1
116 1 1 2 3 3 3 1 1
117 1 3 3 3 2 1 1 1
118 1 1 2 3 3 3 1 1
119 1 1 1 3 3 3 1 1
120 1 1 1 3 3 3 1 1
121 1 1 2 3 3 2 1 1
122 2 3 3 1 1 1 1 1
123 3 2 1 1 1 1 1 3
124 3 1 1 0 1 1 3 3
125 3 1 1 1 1 1 3 3
126 3 3 1 1 1 1 3 3
127 1 1 1 0 0 1 1 4
128 1 1 1 0 0 1 1 4
129 2 1 1 0 1 1 1 4
130 3 3 1 1 1 3 3 3
131 1 1 1 0 1 1 1 4
132 4 1 1 1 0 1 1 1
133 4 1 1 1 0 1 1 2
134 4 1 1 1 0 1 1 2
135 4 1 1 1 0 1 1 2
136 4 1 1 1 0 1 1 3
137 4 1 1 1 0 1 1 1
138 3 3 3 1 1 1 3 3
139 3 3 3 1 1 1 3 3
140 3 3 2 1 1 1 3 3
141 3 3 3 1 1 1 3 3
142 3 3 1 1 1 3 3 3
143 3 3 1 1 1 3 3 3
144 3 3 2 1 1 2 3 3
145 3 3 1 1 1 1 3 3
146 3 3 1 1 1 1 3 3
147 3 3 3 1 1 1 3 3
148 1 4 3 1 1 0 0 1
149 2 1 1 0 1 1 1 4
150 4 3 1 1 0 1 1 1
151 4 2 1 1 1 1 1 1
152 1 4 1 1 1 0 1 1
153 3 3 3 1 1 1 3 3
154 3 3 1 1 1 1 3 3
155 3 3 1 1 1 1 3 3
156 1 1 1 0 1 1 1 4
157 2 1 1 0 1 1 1 4
158 3 3 1 1 1 3 3 3
159 3 3 3 1 1 1 1 3
160 3 3 1 1 1 2 3 3
161 3 3 1 1 1 2 3 3
162 3 3 1 1 1 3 3 3
163 3 3 1 1 1 3 3 3
164 3 2 1 1 1 3 3 3
165 3 2 1 1 1 3 3 3
166 3 3 3 1 1 1 3 3
167 1 4 1 1 1 0 1 1
168 3 3 3 3 1 1 1 1
169 1 3 3 3 3 1 1 1
170 1 3 3 3 2 1 1 1
171 3 3 3 3 3 1 1 1
172 1 1 4 2 1 1 0 1
173 1 1 4 2 1 1 0 1
174 1 1 4 2 1 1 0 1
175 1 1 4 1 1 1 0 1
176 3 3 3 3 3 1 1 1
177 1 4 2 1 1 0 1 1
178 4 1 1 1 0 1 1 2
