1967
1209
3836
2035
1510
3363
1834
2136
2505
3166
2896
2740
1353
2561
1811
3780
1789
1865
1521
1576
3757
2482
2730
1623
1409
1778
1677
1476
1252
917
1252
1364
2013
2438
2382
2147
2226
2963
3161
3645
3422
3008
2359
2426
1688
2035
1644
1767
2796
2259
1644
1677
1196
905
917
1375
2952
1375
2494
1364
2404
1241
1834
1521
1521
1576
1677
2549
3019
2359
917
1655
950
2147
2393
726
1867
1453
1822
3176
1901
1509
2952
1386
4261
2158
2650
2728
782
2214
1096
2203
2057
1923
2147
1668
1825
2496
3582
2501
2048
1568
1529
1052
2545
1852
2076
715
2010
2201
1528
2337
2214
1946
2080
1789
1901
1330
1599
1778
1800
2113
2639
3008
2639
2952
2214
2807
2684
3198
2069
3053
2751
1699
2080
2426
1923
2471
2840
2572
1543
2147
2415
2807
3243
3668
2740
3142
2315
2080
1621
1800
2516
3735
1778
2337
928
2840
2180
3042
1890
2315
2315
2974
682
2303
1252
2426
4428
3075
2549
2482
1912
3310
3030
1878
2169
1511
2348
1979
1599
1040
1979
2113
1778
2147
3735
2874
3209
2203
1487
2773
2471
1901
2438
2382
1834
3097
3590
2628
3847
3187
3478
5043
4909
5256
5021
3578
3053
2091
2672
3109
2382
2572
2426
2706
5066
2348
2617
2113
816
2046
1588
1197
1588
2126
1319
2259
1789
1935
167
2359
883
1252
2001
1890
1722
1722
1723
1398
1576
2136
3046
1714
2439
1655
1207
3645
2247
2057
805
1599
2035
1811
1576
2092
2001
2482
3299
1599
1453
2348
2315
3142
2169
2371
2717
2359
2482
2863
1901
2203
2337
2124
1800
2382
1364
4630
2147
2069
1722
1755
2572
3008
1811
2013
2863
1934
2605
2404
2326
2394
2057
1767
2348
1107
929
1140
1386
2192
1767
1521
1230
2572
3131
1521
1465
1745
2216
2538
2583
2170
1386
1845
1442
1811
1297
1878
1621
1386
1410
1722
2001
2169
1677
1297
1543
1498
1308
3824
973
1319
1197
838
894
805
1062
1253
1386
1174
1511
984
973
1263
1431
2069
1353
1699
1241
1644
1409
2080
2751
995
1453
1890
1118
1096
1554
1599
2247
2046
1543
1274
1498
1733
1207
1096
1398
1565
1386
1431
1375
1241
559
1062
995
1241
1297
2404
1040
849
1342
1431
1308
1353
1565
1498
1129
2225
1576
1957
1129
1174
648
1398
1398
1498
1330
1353
1588
950
1118
1386
1196
1207
782
1409
1286
1040
1532
1521
1353
861
1286
1330
67
2471
1421
1174
1867
2102
1207
849
1274
749
3713
1610
1040
436
1692
1290
3969
2784
2011
2140
2221
2138
2415
2672
3970
4742
3757
3008
3310
3030
3243
3254
3657
4350
5357
6352
3511
4618
4999
4663
5111
3209
5413
2997
6833
6352
4842
5222
2851
3769
2404
3097
3388
4406
3892
2024
3467
5480
4585
5468
5524
5782
6822
3724
4249
4182
4674
4663
4395
3030
4026
4406
4395
3769
4171
4294
4730
4372
4540
3187
3030
3008
2684
2180
3802
4384
3601
3757
2549
4428
3534
3198
3388
4361
3925
3209
3869
4227
5267
4261
3064
4395
3947
3097
4026
3578
5592
5435
1811
2393
4294
4294