0 0 0 0 0 0 0 0 0
1 0 0 0 0 0 0 0 0
2 0 0 0 0 0 0 0 0
3 0 0 0 0 0 0 0 0
4 1 1 0 0 0 1 1 1
5 1 1 0 0 0 1 1 1
6 1 1 1 0 1 1 1 3
7 1 1 1 0 1 1 3 3
8 3 3 2 1 1 1 3 3
9 4 1 1 1 0 1 1 2
10 4 3 3 2 1 1 3 3
11 4 4 2 1 1 1 1 2
12 4 1 1 1 0 1 1 4
13 4 1 1 1 1 1 3 4
14 4 3 1 1 1 2 3 4
15 4 3 2 1 1 3 3 4
16 4 3 2 1 2 3 3 4
17 4 3 3 1 1 1 3 4
18 4 4 3 1 1 1 1 2
19 4 1 1 1 1 1 2 4
20 3 2 1 1 3 3 4 4
21 1 1 2 3 4 4 3 3
22 1 1 1 2 3 4 4 2
23 1 1 1 2 4 4 1 1
24 1 3 3 3 4 3 3 1
25 1 1 1 1 1 4 4 1
26 1 1 1 1 1 4 4 2
27 3 1 1 1 1 2 4 4
28 1 1 1 1 1 4 4 1
29 3 3 1 1 3 3 4 3
30 3 1 1 1 3 3 4 3
31 2 1 1 1 3 3 4 3
32 1 1 1 1 3 3 4 3
33 3 1 1 1 1 2 3 4
34 2 1 1 0 1 1 3 4
35 0 1 1 1 4 2 1 1
36 1 1 1 4 3 1 1 0
37 1 1 1 3 4 3 1 1
38 3 3 1 1 1 2 3 4
39 4 3 3 1 1 2 3 3
40 3 3 1 1 3 3 3 4
41 1 1 1 1 1 4 4 2
42 3 1 1 1 1 3 4 4
43 4 4 3 3 1 2 3 3
44 4 4 3 3 2 3 3 3
45 4 4 1 1 1 1 3 4
46 4 3 1 1 1 1 4 4
47 4 4 1 1 1 1 2 4
48 4 3 3 1 3 3 3 4
49 3 3 1 1 2 3 4 4
50 4 4 2 1 1 1 1 3
51 4 1 1 0 1 1 3 4
52 1 1 0 1 1 4 4 1
53 1 1 1 1 1 4 4 1
54 1 0 1 1 3 4 4 1
55 0 1 1 1 4 4 1 1
56 2 1 1 2 3 4 3 3
57 1 1 1 1 2 4 3 2
58 3 1 1 1 1 1 1 4
59 3 3 2 1 1 3 3 4
60 3 3 1 1 1 2 3 4
61 3 4 3 3 2 1 2 3
62 3 4 3 3 1 1 1 2
63 3 4 3 3 2 1 1 3
64 3 4 3 3 1 1 1 1
65 3 3 4 3 1 1 1 1
66 1 3 4 3 1 1 1 1
67 1 3 4 2 1 1 1 1
68 1 3 4 2 1 1 1 1
69 3 3 4 3 3 1 1 1
70 2 4 4 1 1 1 1 1
71 2 4 4 1 1 1 1 1
72 3 4 3 3 2 1 1 3
73 3 3 4 3 1 1 1 1
74 1 3 4 3 1 1 1 1
75 1 3 4 3 2 1 1 1
76 1 3 3 4 3 3 1 1
77 1 1 3 4 3 1 1 1
78 1 1 2 3 4 3 1 1
79 1 1 1 3 4 3 1 1
80 1 1 3 3 4 3 1 1
81 1 4 4 1 1 1 1 1
82 1 4 4 1 1 0 1 1
83 2 4 4 1 1 1 1 1
84 3 4 4 3 1 1 1 1
85 3 4 4 3 1 1 1 2
86 4 4 4 2 1 1 1 1
87 3 4 4 3 3 1 2 3
88 3 3 4 4 3 3 1 1
89 3 4 4 3 2 1 1 1
90 3 4 4 2 1 1 1 1
91 4 1 1 1 1 1 1 4
92 4 3 3 1 1 1 3 3
93 3 3 2 1 1 3 3 4
94 3 3 1 1 1 3 3 4
95 3 3 1 1 1 3 3 4
96 3 3 1 1 1 2 3 4
97 3 4 3 3 2 1 1 3
98 1 4 4 1 1 0 1 1
99 1 4 4 2 1 1 1 1
100 2 4 4 1 1 1 1 1
101 1 4 4 1 1 1 1 1
102 4 1 1 0 0 1 1 4
103 3 4 3 3 1 1 1 2
104 2 3 4 3 3 1 1 1
105 3 4 3 3 1 1 1 3
106 1 3 3 4 3 3 1 1
107 1 3 4 3 1 1 1 1
108 1 3 3 4 3 1 1 1
109 1 3 3 4 3 3 1 1
110 1 1 3 3 4 3 2 1
111 1 2 3 3 4 3 3 1
112 1 3 3 3 4 3 3 1
113 0 1 1 4 4 1 1 0
114 0 1 1 4 4 1 1 0
115 1 2 3 3 4 3 3 1
116 1 3 3 4 3 3 2 1
117 1 1 3 4 3 3 1 1
118 1 3 4 3 2 1 1 1
119 3 4 3 2 1 1 1 1
120 3 4 3 1 1 1 1 3
121 4 3 3 1 1 2 3 3
122 4 1 1 1 1 1 2 4
123 4 3 1 1 1 1 3 4
124 4 3 1 1 1 2 3 4
125 4 3 2 1 1 3 3 4
126 4 3 1 1 1 3 3 4
127 3 1 1 1 3 3 4 4
128 4 3 3 1 1 3 3 4
129 4 4 3 2 1 1 3 3
130 4 4 3 2 1 1 3 3
131 3 3 1 1 3 3 4 4
132 3 3 1 2 3 3 4 4
133 3 1 1 1 3 4 4 3
134 2 1 1 1 2 4 4 3
135 1 1 1 1 2 4 4 3
136 3 1 1 1 1 1 4 4
137 4 3 1 1 1 1 2 4
138 4 3 2 1 1 1 3 4
139 4 3 1 1 1 1 3 4
140 4 1 1 1 1 1 2 4
141 4 1 1 1 1 1 1 4
142 4 2 1 1 1 1 3 4
143 4 3 3 1 1 1 3 4
144 4 3 3 2 3 3 3 4
145 4 1 1 1 1 1 4 4
146 3 3 3 2 3 3 4 4
147 4 4 3 3 1 3 3 3
148 4 3 3 3 1 3 3 4
149 3 2 1 1 3 3 4 4
150 4 4 2 1 1 1 1 3
151 4 4 2 1 1 0 1 1
152 4 4 3 3 1 1 1 3
153 4 3 3 1 1 1 3 4
154 3 1 1 1 1 3 4 4
155 3 1 1 1 1 1 4 4
156 4 4 1 1 1 0 1 1
157 4 3 1 1 1 1 1 4
158 4 3 1 1 1 1 1 4
159 4 3 2 1 1 1 3 4
160 4 2 1 1 1 1 3 4
161 3 1 1 1 1 1 4 4
162 3 1 1 1 1 2 4 4
163 3 2 1 1 1 3 4 4
164 4 1 1 1 1 1 1 4
165 4 3 3 1 1 1 3 3
166 4 4 1 1 1 1 1 1
167 4 4 3 3 1 3 3 3
168 4 3 3 3 1 3 3 4
169 3 4 4 3 3 1 1 3
170 3 3 4 4 3 2 1 2
171 3 3 4 4 3 1 1 1
172 3 4 4 3 3 1 1 3
173 3 4 4 3 3 1 3 3
174 3 4 4 3 3 1 2 3
175 3 4 4 3 1 1 1 3
176 3 4 4 1 1 1 1 1
177 2 4 4 1 1 1 1 1
178 4 3 3 1 1 2 3 3
