0 0 0 0 0 0 0 0 0
1 1 1 1 0 0 1 1 1
2 1 1 0 0 1 1 1 1
3 1 1 0 0 1 1 1 1
4 1 1 0 1 1 1 3 1
5 1 1 0 1 1 1 3 3
6 3 2 1 1 1 1 3 4
7 2 1 1 1 1 1 4 4
8 1 1 1 4 4 1 1 1
9 1 1 1 4 4 2 1 1
10 1 1 3 4 4 3 3 1
11 1 1 2 4 4 3 1 1
12 1 1 2 4 4 1 1 1
13 1 1 1 4 4 2 1 1
14 1 2 3 4 4 3 1 1
15 1 3 3 4 4 3 2 1
16 1 2 3 4 4 3 3 2
17 3 2 1 1 1 2 4 4
18 1 1 1 4 4 2 1 1
19 1 1 3 4 4 1 1 1
20 1 3 3 4 4 3 3 1
21 1 1 3 4 4 3 1 1
22 1 1 2 4 4 2 1 1
23 0 1 1 4 4 1 1 1
24 1 3 3 4 3 3 3 1
25 2 3 4 4 3 2 1 1
26 1 2 3 4 4 3 1 1
27 1 1 3 4 4 3 3 1
28 1 1 3 4 4 2 1 1
29 1 1 1 4 4 1 1 1
30 2 1 1 3 3 4 3 3
31 1 1 3 3 4 3 3 1
32 1 1 1 3 4 3 3 1
33 1 1 1 3 4 1 1 1
34 0 1 1 3 4 1 1 1
35 1 1 2 3 4 3 1 1
36 1 1 3 3 4 3 3 1
37 1 1 3 3 4 3 3 3
38 1 1 3 3 3 4 3 3
39 1 1 4 4 1 1 0 1
40 1 1 2 4 4 3 2 1
41 1 2 3 4 4 3 3 1
42 3 3 2 3 3 4 4 3
43 1 1 1 4 4 4 1 1
44 2 3 3 4 4 3 3 3
45 1 2 4 4 4 1 1 1
46 3 3 3 4 4 3 3 1
47 1 3 3 4 4 3 2 1
48 1 3 4 4 3 1 1 1
49 1 1 4 4 3 1 1 1
50 0 1 1 4 4 1 1 1
51 1 1 1 4 4 3 1 1
52 1 1 1 3 4 4 1 1
53 1 3 3 3 4 3 3 1
54 1 2 3 4 3 3 1 1
55 1 1 2 4 3 1 1 1
56 1 1 3 4 3 1 1 1
57 2 3 3 4 3 3 2 1
58 1 1 3 3 4 3 3 1
59 0 1 1 4 4 1 1 1
60 1 1 3 3 4 3 3 1
61 0 1 1 4 4 1 1 0
62 1 1 3 3 4 3 2 1
63 1 1 3 4 3 3 1 1
64 1 2 3 4 3 1 1 1
65 1 1 3 4 3 1 1 1
66 1 1 3 4 3 1 1 1
67 1 3 3 4 3 3 2 1
68 1 1 1 4 4 2 1 1
69 1 1 1 4 4 3 1 1
70 1 1 3 4 4 1 1 1
71 1 2 3 3 4 3 3 1
72 1 1 3 4 3 3 1 1
73 1 1 3 3 4 3 3 1
74 1 1 2 3 4 3 1 1
75 1 1 2 3 4 3 2 1
76 1 1 1 3 4 3 1 1
77 1 1 2 3 4 3 2 1
78 1 1 1 4 4 2 1 1
79 0 1 1 4 4 1 1 1
80 1 2 3 3 4 3 3 1
81 1 1 4 4 2 1 1 1
82 1 1 3 4 4 3 1 1
83 1 1 1 4 4 4 1 1
84 1 3 3 4 4 3 3 2
85 1 3 3 4 4 3 3 1
86 1 3 3 4 4 3 1 1
87 1 2 3 4 4 3 1 1
88 1 1 1 4 4 2 1 1
89 1 3 3 4 3 3 2 1
90 1 2 3 3 4 3 3 1
91 1 3 3 4 3 3 2 1
92 1 3 3 4 3 3 2 1
93 1 3 3 4 3 3 1 1
94 1 1 3 3 4 3 3 2
95 1 1 1 2 4 4 1 1
96 1 1 1 4 4 3 1 1
97 1 1 1 4 4 2 1 1
98 1 1 3 4 4 1 1 0
99 1 1 1 4 4 1 1 0
100 1 2 3 4 3 3 1 1
101 1 3 3 4 3 3 2 1
102 1 1 3 3 4 3 3 1
103 1 1 3 3 4 3 3 1
104 1 1 1 3 4 3 2 1
105 1 1 2 3 4 3 3 1
106 1 1 3 3 4 3 3 1
107 1 1 2 3 4 3 3 2
108 1 2 3 3 4 3 3 2
109 0 1 1 4 4 1 1 1
110 1 3 3 4 3 3 3 1
111 3 3 3 4 3 3 1 1
112 1 3 3 4 3 3 2 1
113 1 3 3 4 3 3 2 1
114 1 2 3 4 3 2 1 1
115 1 2 3 4 3 1 1 1
116 1 1 2 3 4 3 1 1
117 1 1 2 3 4 3 3 2
118 0 1 1 4 4 1 1 0
119 1 1 2 4 4 3 1 1
120 1 1 3 4 4 3 1 1
121 1 1 3 4 4 3 3 1
122 1 1 3 4 4 3 3 1
123 1 1 2 3 4 4 3 2
124 1 1 3 3 4 4 3 2
125 1 3 3 4 4 3 3 2
126 3 3 3 4 4 3 3 2
127 1 1 4 4 4 1 1 1
128 1 1 4 4 4 1 1 1
129 1 3 3 4 4 3 3 3
130 1 1 3 4 4 3 3 1
131 1 1 3 4 4 3 2 1
132 1 1 3 4 4 3 1 1
133 1 1 3 4 4 2 1 1
134 1 1 1 3 4 4 3 1
135 1 1 1 2 3 4 4 3
136 1 3 4 4 3 1 1 1
137 4 3 1 1 0 1 1 4
138 1 1 1 1 1 4 4 3
139 1 1 3 4 4 3 1 1
140 1 3 3 4 4 3 2 1
141 3 2 3 3 3 4 4 3
142 3 1 3 3 4 4 3 3
143 1 1 4 4 4 1 1 0
144 2 3 3 4 4 3 3 2
145 1 3 3 4 4 3 3 1
146 1 2 3 4 4 3 1 1
147 1 1 4 4 3 1 1 1
148 1 1 2 4 4 3 1 1
149 2 3 3 4 4 3 3 1
150 1 2 3 4 4 3 1 1
151 1 1 1 4 4 1 1 1
152 1 1 2 4 4 1 1 1
153 1 1 4 4 3 1 1 0
154 1 1 3 4 4 3 2 1
155 1 1 1 2 4 4 3 2
156 1 1 1 3 4 4 2 1
157 1 1 2 4 4 3 1 1
158 1 1 3 4 4 2 1 1
159 1 1 4 4 1 1 0 1
160 1 2 3 3 4 3 3 2
161 1 1 2 3 3 4 3 3
162 1 3 3 4 4 3 1 1
163 1 3 3 4 4 3 3 1
164 1 1 3 3 4 4 3 3
165 1 2 3 4 4 3 3 2
166 1 2 3 4 4 3 2 1
167 1 3 4 4 3 3 1 1
168 3 3 4 4 3 3 1 2
169 3 3 4 4 3 3 1 1
170 1 1 3 4 4 3 2 1
171 1 1 2 4 4 3 1 1
172 1 1 1 1 4 4 1 1
173 1 1 1 4 4 1 1 1
174 3 3 4 3 3 2 1 1
175 1 3 3 4 3 2 1 1
176 1 1 2 3 3 4 3 2
177 1 1 3 3 4 3 2 1
178 1 1 3 3 4 3 3 2
179 1 1 1 4 4 3 1 1
180 1 1 3 4 4 3 2 1
181 1 3 3 4 4 3 2 1
182 3 1 3 3 4 4 3 3
183 1 3 3 4 4 3 1 1
184 1 1 3 4 4 3 1 1
185 1 1 3 4 4 3 2 1
186 1 1 2 4 4 3 1 1
187 1 1 2 4 4 3 1 1
188 1 2 4 4 3 1 1 1
189 1 1 2 4 4 3 1 1
190 1 1 3 4 4 3 3 1
191 2 3 3 3 4 4 3 3
192 0 1 1 4 4 4 1 1
193 1 1 3 4 4 4 2 1
194 1 1 3 4 4 4 1 1
195 1 3 4 4 4 3 2 1
196 3 3 4 4 4 3 3 3
197 2 3 4 4 4 4 3 1
198 3 3 4 4 4 4 3 1
199 1 4 4 4 4 4 1 1
200 1 4 4 4 4 4 3 1
201 3 3 4 4 4 4 3 3
202 3 3 4 4 4 4 3 3
203 1 3 4 4 4 4 2 1
204 3 3 3 4 4 4 3 3
205 1 2 3 4 4 4 3 1
206 1 1 3 4 4 4 2 1
207 1 3 3 4 4 3 3 3
208 1 3 3 4 4 3 3 2
209 1 1 3 4 4 4 3 1
210 1 3 3 4 4 4 3 3
