0 0 0 0 0 0 0 0 0
1 1 1 1 0 0 1 1 1
2 1 1 1 0 0 1 1 1
3 1 1 1 0 0 1 1 1
4 1 1 1 0 1 1 1 3
5 3 1 1 0 1 1 1 3
6 3 1 1 1 1 1 2 3
7 3 2 1 1 1 1 3 3
8 3 2 1 1 1 1 3 3
9 3 3 1 1 1 1 3 3
10 3 3 1 1 1 1 3 3
11 3 3 1 1 1 2 3 3
12 3 3 1 1 1 2 3 3
13 3 3 1 1 1 2 3 3
14 3 3 1 1 1 2 3 3
15 3 3 1 1 1 2 3 3
16 3 3 1 1 1 2 3 3
17 3 3 1 1 1 2 3 3
18 3 3 1 1 1 2 3 3
19 3 3 1 1 1 2 3 3
20 3 3 1 1 1 2 3 3
21 3 3 1 1 1 2 3 3
22 3 3 1 1 1 2 3 3
23 3 2 1 1 1 3 3 3
24 2 1 1 1 3 3 3 3
25 2 1 1 1 3 3 3 3
26 2 1 1 1 3 3 3 3
27 1 1 1 2 3 3 3 3
28 1 1 1 2 3 3 3 3
29 1 1 1 2 3 3 3 3
30 2 1 1 1 3 3 3 3
31 2 1 1 1 3 3 3 3
32 2 1 1 1 3 3 3 3
33 2 1 1 1 3 3 3 3
34 2 1 1 1 3 3 3 3
35 1 1 1 1 3 3 3 3
36 2 1 1 1 3 3 3 3
37 1 1 1 3 3 3 3 2
38 1 1 1 3 3 3 3 2
39 3 2 1 1 1 3 3 3
40 3 2 1 1 1 3 3 3
41 3 3 2 1 1 1 3 3
42 3 3 1 1 1 2 3 3
43 3 3 1 1 1 2 3 3
44 3 3 3 3 1 1 1 2
45 3 3 3 3 1 1 1 2
46 3 3 3 2 1 1 1 3
47 3 3 3 2 1 1 1 3
48 3 3 1 1 1 2 3 3
49 3 3 1 1 1 2 3 3
50 3 3 1 1 1 2 3 3
51 3 2 1 1 1 3 3 3
52 2 1 1 1 3 3 3 3
53 1 1 1 2 3 3 3 3
54 1 1 1 2 3 3 3 3
55 2 1 1 1 3 3 3 3
56 2 1 1 1 3 3 3 3
57 3 1 1 1 2 3 3 3
58 3 2 1 1 1 3 3 3
59 3 3 1 1 1 1 3 3
60 3 3 1 1 1 1 3 3
61 3 3 3 1 1 1 1 3
62 3 3 3 1 1 1 2 3
63 3 3 3 2 1 1 1 3
64 3 3 3 3 1 1 1 2
65 3 3 3 3 1 1 1 2
66 3 3 3 3 1 1 1 2
67 3 3 3 3 1 1 1 2
68 3 3 3 3 1 1 1 2
69 3 3 3 3 1 1 1 2
70 3 3 3 3 1 1 1 2
71 3 3 3 3 1 1 1 2
72 3 3 1 1 1 2 3 3
73 3 3 3 3 2 1 1 1
74 3 3 3 3 2 1 1 1
75 2 3 3 3 3 1 1 1
76 1 3 3 3 3 1 1 1
77 1 3 3 3 3 1 1 1
78 3 3 3 3 1 1 1 1
79 3 3 3 2 1 1 1 3
80 3 3 3 2 1 1 1 2
81 3 3 3 3 1 1 1 1
82 3 3 3 3 1 1 1 1
83 3 3 3 3 1 1 1 1
84 3 3 3 3 2 1 1 1
85 3 3 3 3 1 1 1 2
86 3 3 3 3 1 1 1 2
87 3 3 3 3 1 1 1 2
88 3 3 3 1 1 1 2 3
89 3 3 2 1 1 1 3 3
90 3 3 2 1 1 1 3 3
91 3 3 2 1 1 2 3 3
92 3 3 2 1 1 1 3 3
93 3 3 3 3 2 1 1 2
94 3 3 3 3 1 1 1 1
95 3 3 3 3 1 1 1 1
96 3 3 3 3 1 1 1 1
97 3 3 3 1 1 1 2 3
98 3 3 3 1 1 1 2 3
99 3 3 2 1 1 1 3 3
100 3 3 2 1 1 1 3 3
101 3 3 2 1 1 1 3 3
102 3 3 2 1 1 1 3 3
103 2 3 3 3 3 2 1 1
104 3 3 3 3 2 1 1 1
105 2 3 3 3 3 2 1 1
106 2 3 3 3 3 2 1 1
107 1 2 3 3 3 3 2 1
108 1 3 3 3 3 2 1 1
109 1 2 3 3 3 3 1 1
110 1 2 3 3 3 3 1 1
111 1 2 3 3 3 3 1 1
112 1 3 3 3 3 2 1 1
113 1 3 3 3 3 2 1 1
114 2 3 3 3 3 2 1 1
115 2 3 3 3 3 2 1 1
116 2 3 3 3 3 2 1 1
117 2 3 3 3 3 2 1 1
118 1 2 3 3 3 3 2 1
119 1 2 3 3 3 3 2 1
120 2 3 3 3 3 2 1 1
121 3 3 2 1 1 2 3 3
122 3 3 2 1 1 2 3 3
123 3 3 2 1 1 2 3 3
124 3 3 2 1 1 2 3 3
125 3 3 2 1 1 2 3 3
126 3 3 2 1 1 2 3 3
127 3 3 2 1 1 2 3 3
128 3 3 2 1 1 2 3 3
129 1 1 1 0 0 1 1 4
130 1 1 1 0 0 1 1 4
131 1 1 1 0 0 1 1 4
132 1 1 1 0 0 1 1 4
133 1 1 1 0 0 1 1 4
134 1 1 1 0 0 1 1 4
135 1 1 1 0 0 1 1 4
136 1 1 1 0 0 1 1 4
137 4 1 1 0 0 1 1 1
138 1 1 1 0 0 1 1 4
139 1 1 1 0 0 1 1 4
140 1 1 1 0 0 1 1 4
141 3 3 1 1 1 3 3 3
142 1 1 1 0 0 1 1 4
143 1 1 1 0 0 1 1 4
144 3 3 1 1 1 2 3 3
145 3 3 1 1 1 3 3 3
146 1 1 1 0 0 1 1 4
147 1 1 1 0 0 1 1 4
148 1 1 1 0 0 1 1 4
149 1 1 1 0 0 1 1 4
150 1 1 1 0 0 1 1 4
151 3 3 1 1 1 2 3 3
152 3 3 3 1 1 1 3 3
153 1 4 1 1 0 0 1 1
154 1 1 1 0 0 1 1 4
155 3 3 1 1 1 3 3 3
156 4 1 1 0 0 1 1 1
157 4 1 1 0 0 1 1 1
158 1 4 1 1 0 0 1 1
159 3 3 1 1 1 3 3 3
160 3 2 1 1 1 3 3 3
161 3 3 1 1 1 2 3 3
162 3 3 1 1 1 2 3 3
163 3 3 1 1 1 2 3 3
164 3 3 1 1 1 2 3 3
165 3 3 3 1 1 1 2 3
166 3 3 3 3 2 1 1 2
167 3 3 3 3 2 1 1 2
168 1 4 1 1 1 0 0 1
169 1 4 1 1 1 0 0 1
170 3 3 3 3 1 1 1 1
171 3 3 3 3 1 1 1 2
172 3 3 3 3 1 1 1 2
173 3 3 3 3 1 1 1 2
174 3 3 3 3 2 1 1 1
175 3 3 3 2 1 1 2 3
176 3 3 2 1 1 1 3 3
177 3 3 2 1 1 1 3 3
178 3 3 3 1 1 1 3 3
